3 4
3 5
3 6
3 7
4 5
4 6
4 7
5 6
5 7
6 7
8 9
10 11
14 15
16 17
16 18
16 19
16 20
17 18
17 19
17 20
18 19
18 20
19 20
21 22
24 25
5 26
28 29
33 34
33 35
34 35
13 28
37 38
37 39
37 40
38 39
38 40
39 40
42 43
42 44
43 44
47 48
49 50
52 53
54 55
28 39
28 58
39 58
59 60
21 61
22 61
64 65
66 67
66 68
66 69
66 70
67 68
67 69
67 70
68 69
68 70
69 70
71 72
73 74
79 80
60 61
60 81
60 82
61 81
61 82
81 82
84 85
87 88
89 90
2 91
2 92
91 92
93 94
93 95
93 96
94 95
94 96
95 96
15 53
15 97
15 98
53 97
53 98
97 98
32 93
100 101
104 105
102 106
108 109
110 111
32 102
113 114
116 117
119 120
123 124
123 125
124 125
128 129
128 130
129 130
132 133
134 135
134 136
134 137
135 136
135 137
136 137
134 138
136 138
137 138
141 142
141 143
142 143
144 145
43 151
43 152
43 153
151 152
151 153
152 153
154 155
163 164
163 165
164 165
167 168
170 171
170 172
171 172
61 174
175 176
160 182
131 160
125 184
125 185
125 186
184 185
184 186
185 186
168 190
92 192
199 200
203 204
203 205
203 206
203 207
203 208
204 205
204 206
204 207
204 208
205 206
205 207
205 208
206 207
206 208
207 208
209 210
187 211
2 21
2 213
21 213
216 217
5 131
95 219
95 220
219 220
221 222
223 224
222 225
226 227
176 228
233 234
184 235
241 242
243 244
244 245
247 248
247 249
247 250
248 249
248 250
249 250
252 253
28 254
28 255
28 256
254 255
254 256
255 256
199 254
199 255
199 257
254 257
255 257
259 260
203 263
264 265
264 266
265 266
29 268
9 269
270 271
270 272
271 272
156 273
156 274
156 275
273 274
273 275
274 275
278 279
280 281
291 292
295 296
295 297
296 297
298 299
259 300
301 302
304 305
307 308
310 311
2 312
61 161
161 315
61 316
13 317
13 318
13 319
317 318
317 319
318 319
28 307
21 308
321 322
325 326
29 307
29 305
29 329
305 329
161 331
161 307
28 308
334 335
334 336
335 336
84 337
84 338
84 339
84 340
84 341
84 342
337 338
337 339
337 340
337 341
337 342
338 339
338 340
338 341
338 342
339 340
339 341
339 342
340 341
340 342
341 342
345 346
345 347
346 347
348 349
343 350
343 351
350 351
353 354
355 356
355 357
356 357
358 359
21 174
21 307
21 324
21 360
174 307
174 324
174 360
307 324
307 360
324 360
361 362
361 363
361 364
362 363
362 364
363 364
366 367
343 368
106 369
13 307
307 317
122 172
374 375
374 376
375 376
378 379
378 380
378 381
378 382
378 383
379 380
379 381
379 382
379 383
380 381
380 382
380 383
381 382
381 383
382 383
385 386
387 388
31 390
7 31
7 392
31 392
213 394
396 397
396 398
397 398
399 400
401 402
401 403
402 403
35 404
405 406
2 28
2 121
2 174
2 307
2 317
28 121
28 174
28 317
121 174
121 307
121 317
174 317
408 409
411 412
411 413
412 413
415 416
415 417
415 418
416 417
416 418
417 418
2 419
2 31
2 420
2 421
31 420
31 421
420 421
424 425
424 426
424 427
425 426
425 427
426 427
430 431
430 432
430 433
431 432
431 433
432 433
104 434
436 437
429 439
429 440
439 440
441 442
441 443
442 443
445 446
98 448
98 449
98 450
448 449
448 450
449 450
451 452
451 453
451 454
452 453
452 454
453 454
439 456
439 457
456 457
462 463
167 466
167 468
167 469
468 469
474 475
477 478
404 479
481 482
481 483
481 484
482 483
482 484
483 484
54 203
54 485
203 485
404 487
404 488
404 489
487 488
487 489
488 489
494 495
499 500
161 317
161 512
317 512
516 517
519 520
519 521
520 521
522 523
536 537
28 540
541 542
541 543
542 543
543 544
545 546
547 548
28 550
540 550
21 552
553 554
552 555
552 556
555 556
552 557
552 558
557 558
2 559
2 560
2 561
2 562
28 559
28 560
28 561
28 562
559 560
559 561
559 562
560 561
560 562
561 562
200 564
565 566
571 572
190 576
578 579
580 581
190 582
583 584
589 590
592 593
592 594
592 595
593 594
593 595
594 595
596 597
28 604
28 605
604 605
13 607
13 608
607 608
609 610
306 611
306 612
306 613
611 612
611 613
612 613
614 615
99 616
99 617
616 617
360 618
624 625
445 627
13 161
637 638
639 640
642 643
644 645
648 649
2 650
652 653
654 655
654 656
655 656
657 658
657 659
658 659
661 662
195 663
440 662
190 662
29 666
29 667
29 668
666 667
666 668
667 668
675 676
28 328
685 686
340 691
340 692
691 692
156 694
156 695
694 695
697 698
697 699
698 699
701 702
701 703
702 703
706 707
706 708
707 708
711 712
711 713
711 714
712 713
712 714
713 714
715 716
715 717
716 717
719 720
719 721
720 721
723 724
365 725
365 726
725 726
28 324
28 726
28 727
324 726
324 727
726 727
63 540
161 728
161 729
728 729
418 731
677 732
734 735
29 324
307 314
484 741
484 742
741 742
743 744
743 745
744 745
746 747
185 748
185 749
185 750
185 751
748 749
748 750
748 751
749 750
749 751
750 751
28 752
45 753
754 755
156 756
757 758
174 759
174 760
307 759
307 760
759 760
273 761
767 768
10 770
10 771
10 772
770 771
770 772
771 772
773 774
777 778
780 781
122 780
122 781
171 781
566 782
29 566
29 785
566 785
786 787
479 788
125 790
791 792
798 799
416 800
29 199
29 802
29 803
29 804
29 805
29 806
199 802
199 803
199 804
199 805
199 806
802 803
802 804
802 805
802 806
803 804
803 805
803 806
804 805
804 806
805 806
807 808
810 811
122 812
122 813
812 813
815 816
815 817
815 818
816 817
816 818
817 818
820 821
824 825
824 826
824 827
824 828
825 826
825 827
825 828
826 827
826 828
827 828
492 829
835 836
161 837
841 842
843 844
843 845
843 846
844 845
844 846
845 846
847 848
98 800
98 849
800 849
850 851
853 854
855 856
857 858
861 862
861 863
862 863
445 865
445 866
865 866
868 869
868 870
869 870
31 876
31 877
876 877
271 880
31 884
31 885
884 885
886 887
886 888
886 889
886 890
886 891
886 892
887 888
887 889
887 890
887 891
887 892
888 889
888 890
888 891
888 892
889 890
889 891
889 892
890 891
890 892
891 892
99 893
99 894
893 894
896 897
898 899
898 900
899 900
901 902
903 904
10 905
10 906
905 906
909 910
911 912
847 914
847 915
847 916
847 917
848 914
848 915
848 916
848 917
914 915
914 916
914 917
915 916
915 917
916 917
436 918
436 919
918 919
918 920
923 924
927 928
929 930
931 932
935 936
939 940
939 941
940 941
938 944
945 946
947 948
949 950
955 956
53 958
53 121
961 962
963 964
681 967
681 968
967 968
969 970
973 974
121 975
976 977
665 978
948 979
980 981
982 983
984 985
984 986
985 986
355 987
988 989
990 991
990 992
990 993
991 992
991 993
992 993
475 982
475 996
982 996
997 998
125 999
1001 1002
1001 1003
1002 1003
1009 1010
1009 1011
1010 1011
1012 1013
1014 1015
1014 1016
1014 1017
1015 1016
1015 1017
1016 1017
1018 1019
1018 1020
1019 1020
1021 1022
125 1035
1036 1037
121 1038
817 1040
817 1041
817 1042
818 1040
818 1041
818 1042
1040 1041
1040 1042
1041 1042
817 1044
817 1045
817 1046
818 1044
818 1045
818 1046
1040 1044
1040 1045
1040 1046
1044 1045
1044 1046
1045 1046
1047 1048
1047 1049
1048 1049
1051 1052
1051 1053
1051 1054
1052 1053
1052 1054
1053 1054
1056 1057
1056 1058
1057 1058
1059 1060
1063 1064
1063 1065
1063 1066
1064 1065
1064 1066
1065 1066
1070 1071
1072 1073
1078 1079
1078 1080
1078 1081
1078 1082
1079 1080
1079 1081
1079 1082
1080 1081
1080 1082
1081 1082
1085 1086
1085 1087
1085 1088
1085 1089
1085 1090
1085 1091
1086 1087
1086 1088
1086 1089
1086 1090
1086 1091
1087 1088
1087 1089
1087 1090
1087 1091
1088 1089
1088 1090
1088 1091
1089 1090
1089 1091
1090 1091
435 1096
435 1097
435 1098
435 1099
435 1100
1096 1097
1096 1098
1096 1099
1096 1100
1097 1098
1097 1099
1097 1100
1098 1099
1098 1100
1099 1100
1103 1104
28 1108
1111 1112
1111 1113
1112 1113
1114 1115
1116 1117
271 504
271 1118
271 1119
271 1120
271 1121
271 1122
271 1123
504 1118
504 1119
504 1120
504 1121
504 1122
504 1123
1118 1119
1118 1120
1118 1121
1118 1122
1118 1123
1119 1120
1119 1121
1119 1122
1119 1123
1120 1121
1120 1122
1120 1123
1121 1122
1121 1123
1122 1123
1124 1125
1131 1132
1133 1134
36 343
203 1137
1139 1140
61 1142
1145 1146
1149 1150
156 1151
156 1152
1151 1152
567 1153
449 1154
1157 1158
587 1155
587 1159
587 1160
1155 1159
1155 1160
1159 1160
203 1162
203 1163
203 1165
1166 1167
1166 1168
1167 1168
121 567
15 1174
15 1175
1174 1175
1176 1177
23 98
23 450
23 1181
98 1181
450 1181
2 639
1182 1183
1184 1185
576 1186
1187 1188
1187 1189
1188 1189
576 1173
576 1191
1173 1191
1193 1194
1193 1195
1193 1196
1194 1195
1194 1196
1195 1196
1197 1198
1197 1199
1197 1200
1198 1199
1198 1200
1199 1200
1204 1205
1206 1207
237 576
1212 1213
1212 1214
1213 1214
149 1215
149 1216
149 1217
1215 1216
1215 1217
1216 1217
170 1219
171 1219
301 1221
28 1223
29 1223
1224 1225
200 1226
1229 1230
1231 1232
1231 1233
1232 1233
843 1234
103 1235
103 1236
103 1237
1235 1236
1235 1237
1236 1237
1242 1243
1245 1246
5 414
5 1247
5 1248
414 1247
414 1248
1247 1248
1249 1250
61 756
61 1252
316 756
316 1252
756 1252
1254 1255
190 1256
190 1257
492 1258
137 1260
1261 1262
961 1264
961 1265
961 1266
961 1267
1264 1265
1264 1266
1264 1267
1265 1266
1265 1267
1266 1267
195 1268
195 1269
195 1270
1268 1269
1268 1270
1269 1270
1271 1272
1271 1273
1271 1274
1272 1273
1272 1274
1273 1274
1275 1276
121 1277
121 1278
121 1279
1277 1278
1277 1279
1278 1279
1281 1282
35 716
1283 1284
1283 1285
1283 1286
1283 1287
1284 1285
1284 1286
1284 1287
1285 1286
1285 1287
1286 1287
1288 1289
161 1110
28 512
800 1293
800 1294
1293 1294
1298 1299
94 1301
484 1302
484 1303
1302 1303
171 1307
171 1308
171 1309
1307 1308
1307 1309
1308 1309
726 997
726 1313
726 1314
726 1315
997 1313
997 1314
997 1315
1313 1314
1313 1315
1314 1315
28 360
360 1318
360 1319
360 1320
360 1321
1318 1319
1318 1320
1318 1321
1319 1320
1319 1321
1320 1321
1322 1323
1322 1324
1323 1324
1325 1326
185 1328
1330 1331
15 1332
1333 1334
1335 1336
1338 1339
1007 1342
1344 1345
1346 1347
1346 1348
1347 1348
1349 1350
1349 1351
1349 1352
1353 1354
1355 1356
1349 1355
1358 1359
1360 1361
1360 1362
1361 1362
162 1363
161 354
161 1364
354 1364
449 1372
449 1373
449 1374
1372 1373
1372 1374
1373 1374
1376 1377
308 1379
1380 1381
1380 1382
1381 1382
1385 1386
1387 1388
1387 1389
1387 1390
1388 1389
1388 1390
1389 1390
17 1392
558 1393
1394 1395
1396 1397
1399 1400
36 643
104 1407
104 1408
1407 1408
1410 1411
1410 1412
1411 1412
1413 1414
427 1415
28 1416
308 1416
828 1417
800 1419
1423 1424
1423 1425
1424 1425
1426 1427
1428 1429
1430 1431
1430 1432
1431 1432
1433 1434
1433 1435
1433 1436
1434 1435
1434 1436
1435 1436
1439 1440
121 1441
1443 1444
1445 1446
1447 1448
1447 1449
1447 1450
1448 1449
1448 1450
1449 1450
28 319
28 1451
28 1452
319 1451
319 1452
1451 1452
1453 1454
1458 1459
1458 1460
1458 1461
1459 1460
1459 1461
1460 1461
560 1465
1466 1467
1466 1468
1467 1468
1469 1470
1469 1471
1469 1472
1470 1471
1470 1472
1471 1472
28 1072
28 1473
28 1474
1072 1473
1072 1474
1473 1474
1475 1476
1477 1478
1477 1479
1477 1480
1478 1479
1478 1480
1479 1480
1482 1483
1482 1484
1483 1484
1486 1487
31 1489
1490 1491
1490 1492
1491 1492
215 467
215 1495
467 1495
28 1497
28 1498
1497 1498
1499 1500
121 1503
121 1504
121 1505
121 1506
1512 1513
1517 1518
1519 1520
1519 1521
1520 1521
1247 1523
1525 1526
1525 1527
1526 1527
1528 1529
1528 1530
1529 1530
1533 1534
1533 1535
1534 1535
28 1230
1483 1538
1484 1538
1539 1540
28 1273
29 1273
28 701
29 701
21 28
21 29
21 1541
28 1541
29 1541
28 1542
28 1543
29 1542
29 1543
1542 1543
28 353
29 353
1544 1545
28 161
29 161
28 1546
29 1546
28 566
13 29
28 1239
29 1239
28 1547
29 1547
576 1549
576 1550
1549 1550
28 557
28 1551
557 1551
1553 1554
22 753
174 331
29 1551
1273 1555
1558 1559
28 314
28 1561
314 1561
2 29
1563 1564
28 1565
161 174
1566 1567
1566 1568
1567 1568
557 1569
29 560
121 1571
195 1572
195 1573
1572 1573
1577 1578
1577 1579
1577 1580
1577 1581
1577 1582
1578 1579
1578 1580
1578 1581
1578 1582
1579 1580
1579 1581
1579 1582
1580 1581
1580 1582
1581 1582
1585 1586
28 1587
29 1587
1588 1589
806 1590
28 199
199 1587
28 195
1179 1593
1179 1594
1179 1595
1593 1594
1593 1595
1594 1595
28 1597
29 1597
430 574
430 1598
430 1599
574 1598
574 1599
1598 1599
1600 1601
1600 1602
1600 1603
1600 1604
1601 1602
1601 1603
1601 1604
1602 1603
1602 1604
1603 1604
1574 1605
0 98
28 1591
28 1608
29 1591
29 1608
1591 1608
1591 1609
1591 1610
1591 1611
1609 1610
1609 1611
1610 1611
290 1614
1619 1620
1621 1622
1623 1624
1623 1625
1624 1625
1626 1627
1626 1628
1627 1628
543 1634
1332 1636
317 1638
203 578
203 1639
578 1639
128 1641
1643 1644
1643 1645
1644 1645
995 1648
995 1649
995 1650
1648 1649
1648 1650
1649 1650
800 1652
995 1653
1649 1653
1650 1653
995 1654
1649 1654
1650 1654
995 1655
1649 1655
1650 1655
995 1656
1649 1656
1650 1656
995 1657
1649 1657
1650 1657
550 1659
1072 1661
215 1662
1663 1664
1663 1665
1663 1666
1663 1667
1664 1665
1664 1666
1664 1667
1665 1666
1665 1667
1666 1667
215 1156
1669 1670
1669 1671
1670 1671
1159 1672
1673 1674
995 1675
1649 1675
1650 1675
995 1676
1649 1676
1650 1676
995 1677
1649 1677
1650 1677
995 1678
1649 1678
1650 1678
995 1679
1649 1679
1650 1679
1681 1682
1681 1683
1682 1683
1684 1685
317 1687
317 1688
1687 1688
1689 1690
1689 1691
1690 1691
751 1693
751 1694
751 1695
1693 1694
1693 1695
1694 1695
1700 1701
1688 1702
1703 1704
1705 1706
1705 1707
1705 1708
1706 1707
1706 1708
1707 1708
1704 1709
28 1709
1711 1712
1711 1713
1711 1714
1712 1713
1712 1714
1713 1714
414 1719
1459 1720
1460 1720
1721 1722
1724 1725
148 1726
1727 1728
1727 1729
1728 1729
1730 1731
1730 1732
1731 1732
29 63
29 1733
63 1733
397 1734
397 1735
1734 1735
29 557
1736 1737
1738 1739
1740 1741
1744 1745
1746 1747
665 1749
1751 1752
1751 1753
1752 1753
1754 1755
806 1756
806 1757
1756 1757
1760 1761
1764 1765
988 1771
988 1772
1771 1772
1773 1774
1773 1775
1774 1775
1776 1777
1778 1779
1753 1781
1783 1784
61 1786
61 1787
1786 1787
1788 1789
1792 1793
1792 1794
1793 1794
1795 1796
1795 1797
1796 1797
31 1798
1800 1801
1800 1802
1801 1802
0 862
0 1753
0 1803
862 1753
862 1803
1753 1803
1804 1805
1804 1806
1805 1806
227 1810
35 1811
716 1811
103 170
103 171
1808 1814
1815 1816
1815 1817
1815 1818
1815 1819
1816 1817
1816 1818
1816 1819
1817 1818
1817 1819
1818 1819
1821 1822
906 1148
1824 1825
552 1832
552 782
552 1834
552 1835
782 1834
782 1835
1834 1835
1836 1837
587 1839
1841 1842
1843 1844
1843 1845
1844 1845
1846 1847
1848 1849
44 1850
1048 1851
125 1852
1001 1853
28 1800
1854 1855
1177 1856
45 354
45 1861
354 1861
1862 1863
1862 1864
1862 1865
1862 1866
1862 1867
1863 1864
1863 1865
1863 1866
1863 1867
1864 1865
1864 1866
1864 1867
1865 1866
1865 1867
1866 1867
1870 1871
1870 1872
1870 1873
1871 1872
1871 1873
1872 1873
29 1832
1879 1880
1102 1882
1102 1883
1882 1883
1887 1888
1887 1889
1887 1890
1888 1889
1888 1890
1889 1890
1892 1893
148 1894
1898 1899
1898 1900
1898 1901
1899 1900
1899 1901
1900 1901
1908 1909
1910 1911
1910 1912
1910 1913
1912 1913
28 1914
1257 1915
1257 1916
1915 1916
1919 1920
0 1923
98 1923
1926 1927
1886 1928
252 1176
1929 1930
1933 1934
1838 1935
2 200
2 800
2 1936
200 800
200 1936
800 1936
28 1937
1420 1942
1944 1945
1946 1947
1948 1949
0 1952
121 1909
121 1953
567 1909
567 1953
1909 1953
248 1196
248 1955
248 1956
1196 1955
1196 1956
1955 1956
1544 1960
1544 1961
1960 1961
1348 1962
1348 1963
1962 1963
1966 1967
1971 1972
1971 1973
1972 1973
1946 1978
1946 1979
1946 1980
1979 1980
160 1981
160 1982
1981 1982
827 1984
738 1985
1986 1987
1986 1988
1987 1988
635 1989
635 1990
635 1991
635 1992
635 1993
1989 1990
1989 1991
1989 1992
1989 1993
1990 1991
1990 1992
1990 1993
1991 1992
1991 1993
1992 1993
359 1994
359 1995
1994 1995
1997 1998
200 576
29 2000
29 2001
29 2002
2000 2001
2000 2002
2001 2002
2005 2006
53 2007
29 2013
2014 2015
2016 2017
2019 2020
2 267
2 341
2 2021
2 2022
28 267
28 341
28 2021
28 2022
267 341
267 2021
267 2022
341 2021
341 2022
2021 2022
2025 2026
566 1838
2031 2032
2033 2034
2033 2035
2034 2035
2040 2041
2042 2043
2042 2044
2043 2044
2047 2048
2047 2049
2048 2049
576 2050
576 2051
2050 2051
2052 2053
2055 2056
2059 2060
563 1459
563 1461
563 1463
563 1891
563 2061
563 2062
563 2063
563 2064
1459 1463
1459 1891
1459 2061
1459 2062
1459 2063
1459 2064
1461 1463
1461 1891
1461 2061
1461 2062
1461 2063
1461 2064
1463 1891
1463 2061
1463 2062
1463 2063
1463 2064
1891 2061
1891 2062
1891 2063
1891 2064
2061 2062
2061 2063
2061 2064
2062 2063
2062 2064
2063 2064
1065 2065
2070 2071
2070 2072
2071 2072
2025 2073
2074 2075
2074 2076
2075 2076
1297 2077
1297 2078
1297 2079
1297 2080
2077 2078
2077 2079
2077 2080
2078 2079
2078 2080
2079 2080
2082 2083
28 2084
28 2085
29 2084
29 2085
2084 2085
2086 2087
2086 2088
2087 2088
1484 2089
1484 2090
2090 2091
2068 2092
2093 2094
2099 2100
2102 2103
2102 2104
2102 2105
2102 2106
2102 2107
2103 2104
2103 2105
2103 2106
2103 2107
2104 2105
2104 2106
2104 2107
2105 2106
2105 2107
2106 2107
122 125
122 2109
125 2109
2111 2112
2111 2113
2111 2114
2111 2115
2112 2113
2112 2114
2112 2115
2113 2114
2113 2115
2114 2115
28 2116
28 2117
28 2118
2116 2117
2116 2118
2117 2118
2119 2120
122 2085
122 2121
122 2122
122 2123
2085 2121
2085 2122
2085 2123
2121 2122
2121 2123
2122 2123
31 198
31 2124
31 2125
198 2124
198 2125
2124 2125
170 2126
203 492
203 1997
203 2127
492 578
492 1997
492 2127
578 1997
578 2127
1997 2127
2128 2129
2128 2130
2128 2131
2129 2130
2129 2131
2130 2131
800 1292
28 2134
800 2135
2136 2137
0 2141
1315 2145
1315 2146
2145 2146
2148 2150
1662 2153
2156 2157
28 200
2166 2167
2107 2170
2171 2172
2173 2174
1501 2175
2177 2178
2177 2179
2177 2180
2177 2181
2178 2179
2178 2180
2178 2181
2179 2180
2179 2181
2180 2181
159 2184
2185 2186
31 2162
198 2162
1205 2190
286 2193
121 1525
1159 2195
762 1331
762 2197
1331 2197
2178 2201
2178 2202
2201 2202
122 2203
2204 2205
2204 2206
2205 2206
2207 2208
2209 2210
2209 2211
2210 2211
2212 2213
2217 2218
2217 2219
2218 2219
44 2220
44 2221
2220 2221
2223 2224
2225 2226
2227 2228
1559 2229
1434 1942
1435 1942
29 213
29 552
213 552
161 194
200 2157
588 1380
588 1965
588 2240
588 2241
588 2242
588 2243
588 2244
1380 1965
1380 2240
1380 2241
1380 2242
1380 2243
1380 2244
1965 2240
1965 2241
1965 2242
1965 2243
1965 2244
2240 2241
2240 2242
2240 2243
2240 2244
2241 2242
2241 2243
2241 2244
2242 2243
2242 2244
2243 2244
2248 2249
2248 2250
2249 2250
2251 2252
2251 2253
2252 2253
2257 2258
2257 2259
2258 2259
963 2260
964 2260
963 2261
2266 2267
2248 2269
1718 2270
2274 2275
2274 2276
2275 2276
213 2277
2274 2278
2275 2278
1672 2279
2283 2284
2283 2285
2283 2286
2284 2285
2284 2286
2285 2286
1148 2287
19 195
19 2289
195 2289
200 2290
2291 2292
2294 2295
169 2297
2149 2300
2149 2301
2300 2301
2302 2303
2304 2305
2304 2306
2304 2307
2304 2308
2305 2306
2305 2307
2305 2308
2306 2307
2306 2308
2307 2308
2309 2310
93 2311
2314 2315
2314 2316
2315 2316
105 2320
2320 2321
2326 2327
2328 2329
2326 2330
2333 2334
2340 2341
2 122
2 2343
122 800
122 2343
800 2343
2344 2345
2346 2347
758 2349
264 2346
264 2347
264 2352
2346 2352
2347 2352
2353 2354
28 2355
2356 2357
800 2359
560 2360
2361 2362
125 2363
2365 2366
1878 2367
359 2369
359 2370
2369 2370
84 2369
84 2371
2369 2371
1459 2107
1459 2374
2107 2374
1368 2316
2375 2376
1468 2377
1468 2378
2377 2378
2380 2381
143 2382
28 2388
78 450
235 2389
235 2390
2389 2390
2339 2391
2393 2394
79 2401
2408 2409
2408 2410
2409 2410
2412 2413
1821 2414
567 2424
2279 2425
1369 2426
196 1227
2427 2428
1321 2430
2431 2432
2431 2433
2432 2433
44 970
44 2434
44 2435
44 2436
970 2434
970 2435
970 2436
2434 2435
2434 2436
2435 2436
1965 2439
2442 2443
2442 2444
2443 2444
2445 2446
2124 2451
2124 2452
2451 2452
416 1743
416 2359
416 2453
416 2454
1743 2359
1743 2453
1743 2454
2359 2453
2359 2454
2453 2454
450 2455
153 993
104 2458
2460 2461
2460 2462
2460 2463
2461 2462
2461 2463
2462 2463
1886 2464
1924 2466
1924 2467
1924 2468
2466 2467
2466 2468
2467 2468
2469 2470
2469 2471
2470 2471
2472 2473
2125 2474
2475 2476
2477 2478
2480 2481
2480 2482
2480 2483
2480 2484
2480 2485
2481 2482
2481 2483
2481 2484
2481 2485
2482 2483
2482 2484
2482 2485
2483 2484
2483 2485
2484 2485
2494 2495
61 666
2501 2502
2501 2503
2502 2503
2504 2505
29 726
29 738
726 738
726 806
738 806
29 2509
2512 2513
2512 2514
2513 2514
2515 2516
2518 2519
2521 2522
2523 2524
2440 2526
2528 2529
2528 2530
2529 2530
2534 2535
2089 2091
2089 2537
2089 2538
2091 2537
2091 2538
2537 2538
360 1920
360 2539
1920 2539
368 2540
125 2543
2544 2545
2544 2546
2545 2546
2547 2548
161 2550
161 2552
359 2554
158 2560
158 2561
2560 2561
2562 2563
2567 2568
2567 2569
2568 2569
1186 2571
1186 2572
2571 2572
576 2571
576 2572
2564 2576
1015 1718
1015 2002
1015 2581
1718 2002
1718 2581
2002 2581
2582 2583
619 1833
2590 2591
1833 2592
1833 2594
1833 2595
2594 2595
2596 2597
2600 2601
547 619
1743 1833
619 2607
2608 2609
2610 2611
1743 2613
619 2614
2617 2618
2591 2619
2620 2621
1833 2622
1833 2623
2622 2623
619 2624
1833 2624
2625 2626
2625 2627
2625 2628
2625 2629
2626 2627
2626 2628
2626 2629
2627 2628
2627 2629
2628 2629
2631 2632
2620 2635
2636 2637
1833 2639
1833 2640
1833 2641
1833 2642
2639 2640
2639 2641
2639 2642
2640 2641
2640 2642
2641 2642
2645 2646
2645 2647
2645 2648
2646 2647
2646 2648
2647 2648
2649 2650
2651 2652
2651 2653
2652 2653
1942 2654
1942 2655
1942 2656
2654 2655
2654 2656
2655 2656
2658 2659
1833 2660
1833 2661
1833 2662
2660 2661
2660 2662
2661 2662
2663 2664
2665 2666
619 2656
619 2667
2656 2667
2620 2670
1833 2671
547 1833
1985 2626
2675 2676
2675 2677
2676 2677
2624 2628
2678 2679
2678 2680
2679 2680
1833 2683
1833 2684
2683 2684
1833 2686
1833 2687
2686 2687
1985 2688
1985 2689
2688 2689
2690 2691
2690 2692
2691 2692
158 2693
2694 2695
2694 2696
2695 2696
85 2699
200 2700
200 2701
2700 2701
85 2702
1110 2709
1110 2710
2709 2710
2711 2712
2711 2713
2711 2714
2712 2713
2712 2714
2713 2714
2715 2716
619 1743
2721 2722
2721 2723
2722 2723
547 2725
78 2681
78 2730
2681 2730
1985 2732
1833 2733
2661 2733
1942 2734
2735 2736
2620 2737
2620 2738
2737 2738
1743 1942
1743 2740
1743 2741
1833 1942
1833 2740
1833 2741
1942 2740
1942 2741
2740 2741
1743 2681
2742 2743
1833 2590
2745 2746
2745 2747
2745 2748
2745 2749
2746 2747
2746 2748
2746 2749
2747 2748
2747 2749
2748 2749
2750 2751
2750 2752
2750 2753
2750 2754
2750 2755
2751 2752
2751 2753
2751 2754
2751 2755
2752 2753
2752 2754
2752 2755
2753 2754
2753 2755
2754 2755
619 1784
200 2757
1985 2758
2675 2759
1833 2760
2627 2761
2627 2762
2761 2762
1833 2763
619 2764
2765 2766
1352 2768
1352 2769
1352 2770
2768 2769
2768 2770
2769 2770
2772 2773
1833 2774
619 1419
2776 2777
2780 2781
2780 2782
2780 2783
2781 2782
2781 2783
2782 2783
1985 2784
2787 2788
2787 2789
2788 2789
1833 2790
158 227
158 547
158 1784
158 1833
227 547
227 1784
227 1833
547 1784
1784 1833
2793 2794
2616 2661
2616 2796
2616 2797
2661 2796
2661 2797
2796 2797
2798 2799
612 2802
612 2803
2802 2803
158 1985
158 2804
158 2805
158 2806
158 2807
547 1985
547 2804
547 2805
547 2806
547 2807
1985 2804
1985 2805
1985 2806
1985 2807
2804 2805
2804 2806
2804 2807
2805 2806
2805 2807
2806 2807
1833 2591
2812 2813
2812 2814
2813 2814
619 2613
619 2815
619 2816
2613 2815
2613 2816
2815 2816
1985 2817
2818 2819
2818 2820
2819 2820
1833 2777
306 1352
306 2822
1352 2822
2823 2824
2823 2825
2824 2825
2826 2827
2828 2829
1743 2829
1743 2830
2829 2830
2805 2832
547 2661
2834 2835
2615 2680
2836 2837
2622 2838
2840 2841
2840 2842
2841 2842
1833 2844
619 2612
1833 2675
2615 2722
619 2848
2849 2850
306 1833
306 2851
1833 2851
2852 2853
2852 2854
2853 2854
158 2744
547 2857
2744 2861
2744 2863
2669 2866
2868 2869
2870 2871
2873 2874
2876 2877
2876 2878
2877 2878
547 2615
547 2880
2615 2880
2881 2882
2790 2883
2790 2884
2883 2884
2679 2885
2679 2886
2680 2885
2680 2886
2885 2886
2887 2888
2847 2889
2594 2675
2892 2893
2892 2894
2893 2894
2899 2900
613 1784
613 2901
1784 2901
1784 2902
2901 2902
619 2675
2907 2908
2907 2909
2908 2909
547 2912
547 2913
2912 2913
2790 2915
2917 2918
158 2921
547 2681
619 1985
619 2681
1833 1985
1833 2681
1985 2681
2924 2925
2924 2926
2925 2926
1833 2927
2930 2931
2930 2932
2931 2932
2933 2934
2935 2936
2935 2937
2935 2938
2936 2937
2936 2938
2937 2938
1985 2939
1985 2940
2939 2940
619 2941
2942 2943
105 2944
105 2945
105 2946
2944 2945
2944 2946
2945 2946
2947 2948
2948 2949
2948 2950
2949 2950
2880 2951
2952 2953
105 2954
2946 2954
2956 2957
2453 2959
2590 2960
2961 2962
1833 2963
2967 2968
619 2970
2904 2913
547 2972
547 2973
2972 2973
547 2974
2624 2784
619 2915
2044 2979
1833 2982
547 2777
1833 2985
2777 2915
1985 2986
2615 2988
2591 2989
2591 2990
2989 2990
2777 2991
158 2992
1833 2992
2993 2994
2612 2996
2997 2998
2997 2999
2997 3000
2998 2999
2998 3000
2999 3000
3004 3005
3004 3006
3005 3006
1833 3007
3009 3010
2669 3011
3012 3013
1675 1784
1675 1985
1675 2624
1784 1985
1784 2624
1985 2624
547 3014
619 3014
158 3016
2744 3016
1985 3018
1985 3019
2817 3018
2817 3019
3018 3019
3020 3021
3020 3022
3020 3023
3021 3022
3021 3023
3022 3023
3026 3027
1833 3028
1833 3029
2661 3029
158 3031
3034 3035
1833 3036
3036 3038
3039 3040
1282 3041
158 2958
33 3044
33 3045
3044 3045
3050 3051
3052 3053
1833 3055
3057 3058
3057 3059
3057 3060
3058 3059
3058 3060
3059 3060
3062 3063
3062 3064
3062 3065
3063 3064
3063 3065
3064 3065
619 1942
3067 3068
2625 2646
2625 3070
2646 3070
227 3070
3072 3073
2744 2765
2744 3033
2765 3033
3077 3078
3080 3081
3080 3082
3081 3082
547 3083
547 3084
1985 3086
1985 3087
3086 3087
1833 3088
3089 3090
1985 3091
3092 3093
1942 2626
1942 2627
2874 3098
3099 3100
1833 3101
2591 3101
2866 2964
158 2963
158 3102
1833 3102
2963 3102
619 2630
2784 3103
3104 3105
2887 3106
2887 3107
2887 3108
2887 3109
3106 3107
3106 3108
3106 3109
3107 3108
3107 3109
3108 3109
2798 3110
2758 3111
1833 2359
1675 1833
2941 3113
2941 3114
2941 3115
3113 3114
3113 3115
3114 3115
2798 3118
2798 3119
3118 3119
2744 3121
2853 3123
2853 3124
2853 3125
3123 3124
3123 3125
3124 3125
3126 3127
1985 2612
619 2664
3132 3133
3134 3135
3138 3139
3138 3140
3138 3141
3139 3140
3139 3141
3140 3141
619 3033
1675 2642
2681 3033
2661 3144
547 3145
547 3146
3145 3146
2672 3147
1743 3085
3150 3151
3150 3152
3150 3153
3150 3154
3151 3152
3151 3153
3151 3154
3152 3153
3152 3154
3153 3154
158 1675
158 3156
1675 2744
1675 3156
2744 3156
1833 3158
158 619
1833 3160
1743 2675
619 2615
3162 3163
3162 3164
3162 3165
3162 3166
3163 3164
3163 3165
3163 3166
3164 3165
3164 3166
3165 3166
2615 2629
3148 3171
3172 3173
3177 3178
547 2887
547 3180
2887 2972
2887 3180
2972 3180
1743 2811
3114 3182
3114 3183
3114 3184
3114 3185
3182 3183
3182 3184
3182 3185
3183 3184
3183 3185
3184 3185
547 3033
2359 3186
547 3187
547 3188
3187 3188
3148 3193
3148 3194
3193 3194
2788 3196
2788 3197
2788 3198
3196 3197
3196 3198
3197 3198
3199 3200
2359 2788
2359 3202
2788 3202
2590 2615
2590 2927
2615 2927
619 3208
2626 2675
2626 3209
2626 3210
2626 3211
2627 2675
2627 3209
2627 3210
2627 3211
2675 3209
2675 3210
2675 3211
3209 3210
3209 3211
3210 3211
2615 2777
2473 2626
2473 2627
2473 2675
2473 3209
2473 3210
2473 3211
3214 3215
3214 3216
3215 3216
1833 3219
1833 3220
3219 3220
1833 3221
2359 2777
2359 3221
2777 3221
1743 3223
1743 3224
3223 3224
3226 3227
3226 3228
3226 3229
3227 3228
3227 3229
3228 3229
1352 3226
1352 3230
3226 3230
3232 3233
3235 3236
3144 3240
2790 3241
2790 3242
3241 3242
227 3243
1833 2880
1833 2938
1833 3244
1833 3245
2661 2880
2661 2938
2661 3244
2661 3245
2880 2938
2880 3244
2880 3245
2938 3244
2938 3245
3244 3245
1833 2941
1833 3246
2941 3246
3247 3248
3249 3250
2615 3251
2777 3251
619 3148
619 3157
619 3255
3148 3157
3148 3255
3157 3255
3259 3260
2620 2747
2620 3261
2620 3262
2620 3263
2747 3261
2747 3262
2747 3263
3261 3262
3261 3263
3262 3263
1743 3264
1743 3265
1743 3266
3264 3265
3264 3266
3265 3266
1675 3267
1675 3268
1833 3267
1833 3268
3267 3268
1833 3269
3267 3269
3273 3274
3273 3275
3274 3275
1833 2615
2626 3237
2626 3276
2626 3277
2627 3237
2627 3276
2627 3277
3237 3276
3237 3277
3276 3277
3278 3279
2610 3280
3283 3284
1094 3285
547 3286
547 3287
619 3286
619 3287
1833 3286
1833 3287
2681 3286
2681 3287
3286 3287
2626 2777
2626 3288
2626 3289
2777 3288
2777 3289
3288 3289
3292 3293
3292 3294
3292 3295
3292 3296
3292 3297
3293 3294
3293 3295
3293 3296
3293 3297
3294 3295
3294 3296
3294 3297
3295 3296
3295 3297
3296 3297
2805 3299
1985 3302
3142 3303
2788 2872
2788 3304
2872 3197
2872 3304
3197 3304
1985 3307
1985 3309
2473 3311
3312 3313
3314 3315
3316 3317
2669 3026
2669 3027
3318 3319
3318 3320
3319 3320
2615 3263
2952 3323
3324 3325
1743 3276
1833 3276
619 2788
1985 2788
3330 3331
619 3142
619 3333
619 3334
3142 3333
3142 3334
3333 3334
3336 3337
3336 3338
3336 3339
3337 3338
3337 3339
3338 3339
3340 3341
3342 3343
3342 3344
3343 3344
3346 3347
2625 3349
3128 3350
1833 3351
1833 3352
3351 3352
158 2616
158 2624
158 2681
547 1675
547 2616
547 2624
547 2744
1675 2616
1675 2681
1784 2616
1784 2681
1784 2744
1985 2616
1985 2744
2616 2624
2616 2681
2616 2744
2624 2681
2624 2744
2681 2744
3353 3354
2591 3356
2648 3357
2648 3358
3357 3358
3359 3360
3362 3363
1743 2610
1743 3364
1743 3365
2610 3364
2610 3365
3364 3365
2473 3366
2473 3367
3366 3367
3370 3371
2681 3263
200 547
200 3372
200 3373
547 3372
547 3373
3372 3373
1833 3374
1833 3375
3374 3375
3377 3378
3377 3379
3378 3379
619 2669
2628 3382
2927 3026
1985 3384
2615 3385
2777 3385
3386 3387
3389 3390
2628 3391
2628 3392
2629 3391
2629 3392
3391 3392
2630 3033
2616 3394
2616 3395
2661 3394
2661 3395
3394 3395
3396 3397
3398 3399
306 2759
2591 2681
3400 3401
3400 3402
3401 3402
3404 3405
2744 3407
2615 3348
3409 3410
3409 3411
3409 3412
3410 3411
3410 3412
3411 3412
3156 3416
2591 2669
2591 3114
2669 3114
1833 3417
2758 3418
2758 3419
3418 3419
1942 2359
2590 3114
3423 3424
3112 3425
3209 3426
3209 3427
3426 3427
3430 3431
2939 3144
2939 3434
3144 3434
619 2784
619 3435
619 3436
2784 3435
2784 3436
3435 3436
3188 3438
3439 3440
2744 2809
2744 2963
2809 2963
158 3085
158 3446
2963 3085
2963 3446
3085 3446
2626 2788
2626 2789
2626 3142
2626 3197
2626 3392
2788 3142
2788 3392
2789 3142
2789 3197
2789 3392
3142 3197
3142 3392
3197 3392
3348 3452
3187 3454
3188 3454
2986 3455
619 3459
1743 3257
2646 3462
1833 2626
1833 3333
2626 3029
2626 3333
3029 3333
1110 1985
1110 2681
1110 3466
1985 3466
2681 3466
158 3468
2744 3468
3469 3470
1833 3472
1833 3321
2681 3321
3473 3474
158 3475
619 2626
619 2627
619 3377
2626 3377
2627 3377
1985 3377
3476 3477
3480 3481
3480 3482
3480 3483
3481 3482
3481 3483
3482 3483
2680 3026
2680 3460
2680 3484
2680 3485
3026 3460
3026 3484
3026 3485
3460 3484
3460 3485
3484 3485
3487 3488
3490 3491
2681 3029
2681 3136
3029 3136
158 1282
158 1938
158 2777
158 2790
158 2811
158 3493
1282 1938
1282 2777
1282 2790
1282 2811
1282 3493
1938 2777
1938 2790
1938 2811
1938 3493
2777 2790
2777 2811
2777 3493
2790 2811
2790 3493
2811 3493
3465 3495
3465 3496
3465 3497
3495 3496
3495 3497
3496 3497
1938 3498
1938 3499
1938 3500
3498 3499
3498 3500
3499 3500
2675 3501
3136 3503
3504 3505
3504 3506
3505 3506
3450 3508
3056 3273
2594 3510
2626 3511
2626 3512
3511 3512
3376 3513
3515 3516
2707 3518
2791 3519
3009 3059
2629 3520
2629 3521
2629 3522
3520 3521
3520 3522
3521 3522
2941 3523
1833 3526
1833 3527
3526 3527
3024 3029
1743 3026
1743 3525
3026 3525
2996 3520
3529 3530
3056 3532
547 3533
3534 3535
3534 3536
3534 3537
3534 3538
3535 3536
3535 3537
3535 3538
3536 3537
3536 3538
3537 3538
1833 3391
2624 3391
158 3539
619 3540
619 2829
619 3541
619 3542
2829 3541
2829 3542
3541 3542
2044 3543
1833 2759
1833 2044
1833 3147
1833 3545
2044 3147
2044 3545
3147 3545
1833 2612
1833 3546
2612 3546
1833 2672
1833 3547
2615 2626
1833 3275
1743 3323
1743 3550
3323 3550
2679 3221
2679 3552
2680 3221
2680 3552
3221 3552
1985 2985
1985 3144
1985 3554
2985 3144
2985 3554
3144 3554
1743 3557
3558 3559
2744 3560
3561 3562
3561 3563
3562 3563
2042 2611
2610 3564
3565 3566
158 3567
2991 3348
2473 3568
3569 3570
3423 3573
2591 2628
2591 2680
2591 2748
2591 3382
2628 2680
2628 2748
2680 2748
2680 3382
2748 3382
619 3574
1833 3574
2669 3452
3581 3582
3584 3585
1985 2777
1985 3088
2777 3088
2615 2628
2620 2628
2620 2744
2628 2670
2628 2744
2670 2744
2620 3355
2670 3355
2620 3327
2670 2681
2670 2874
2681 2874
1942 3589
1942 3590
2626 3589
2626 3590
3589 3590
3591 3592
306 3327
306 3593
3327 3593
1743 2670
1743 3594
1743 3595
2670 3594
2670 3595
3594 3595
3009 3596
3085 3598
2776 3085
3599 3600
3603 3604
1833 3605
3001 3608
1743 3609
1743 3610
1833 3609
1833 3610
3609 3610
2927 3550
3431 3611
1942 3103
2626 3103
2628 3048
3050 3614
3050 3615
3614 3615
2927 3616
2927 3617
3616 3617
3242 3618
1743 3619
3620 3621
3620 3622
3621 3622
158 3623
158 3624
3623 3624
2628 3263
2628 3298
2628 3355
2628 3625
2628 3626
2680 3263
2680 3298
2680 3355
2680 3625
2680 3626
2748 3263
2748 3298
2748 3355
2748 3625
2748 3626
3263 3298
3263 3355
3263 3625
3263 3626
3298 3355
3298 3625
3298 3626
3355 3625
3355 3626
3625 3626
2784 3026
2784 3027
2784 3627
3026 3627
3027 3627
3629 3630
200 3277
619 3631
2669 3631
3059 3632
3633 3634
3335 3635
2631 3639
2744 3632
2744 3369
3113 3641
2669 2670
2669 2874
2669 3145
2669 3642
2670 3145
2670 3642
2874 3145
2874 3642
3145 3642
3643 3644
547 3645
1833 2972
1833 3645
2972 3645
3646 3647
3646 3648
3646 3649
3646 3650
3646 3651
3646 3652
3647 3648
3647 3649
3647 3650
3647 3651
3647 3652
3648 3649
3648 3650
3648 3651
3648 3652
3649 3650
3649 3651
3649 3652
3650 3651
3650 3652
3651 3652
1831 3654
619 3615
3656 3657
2781 3660
2781 3661
3660 3661
3664 3665
1998 2780
1998 2781
1998 3668
1998 3669
1998 3670
2780 3668
2780 3669
2780 3670
2781 3668
2781 3669
2781 3670
3668 3669
3668 3670
3669 3670
3660 3672
2781 3666
2781 3673
2781 3674
3666 3673
3666 3674
3673 3674
3674 3675
3677 3678
619 3136
1833 3136
3681 3682
1743 2847
1743 3683
2847 3683
1094 1784
1094 1985
1094 2681
1094 3685
1784 3685
1985 3685
2681 3685
3687 3688
3689 3690
3689 3691
3690 3691
3460 3522
3690 3694
1743 3695
158 2672
3696 3697
3696 3698
3697 3698
3283 3699
1743 3700
1743 3701
3683 3700
3683 3701
3700 3701
3702 3703
3706 3707
2780 3708
3668 3711
2780 3663
1998 3660
1998 3713
3660 3713
1833 3242
1833 3254
3242 3254
3715 3716
3715 3717
3716 3717
3719 3720
3719 3721
3719 3722
3720 3721
3720 3722
3721 3722
3088 3724
3088 3725
3724 3725
3273 3727
3728 3729
3730 3731
1784 2996
1784 3522
1833 2996
1833 3522
2996 3522
3129 3732
3129 3733
3732 3733
3129 3735
2781 3663
3486 3663
3736 3737
3738 3739
3738 3740
3739 3740
2780 3741
2780 3742
3741 3742
3335 3745
619 3746
619 3747
3746 3747
158 281
158 3748
281 2744
281 3748
2744 3748
2996 3749
3522 3749
3750 3751
3750 3752
3751 3752
3298 3522
3298 3757
3522 3757
3758 3759
3758 3760
3759 3760
1833 3761
1833 3762
3761 3762
3668 3763
3668 3764
3763 3764
619 3765
2784 3765
158 3769
547 3769
1985 3769
3663 3772
547 3774
547 3775
2972 3774
2972 3775
3774 3775
1743 2615
1942 2615
2675 3777
1833 3779
2941 3779
1282 3266
1282 3664
3266 3664
1998 3780
1998 3781
3780 3781
3782 3783
3784 3785
3784 3786
3784 3787
3785 3786
3785 3787
3786 3787
3789 3790
3793 3794
3793 3795
3794 3795
3309 3798
3799 3800
2758 2908
2637 3802
3668 3673
2811 3810
3810 3811
3812 3813
3663 3814
3663 3815
3663 3816
3814 3815
3814 3816
3815 3816
3663 3817
547 2784
3663 3823
3663 3824
3663 3825
1833 2846
3831 3832
3833 3834
3836 3837
3663 3738
3663 3839
3660 3663
3660 3840
3660 3841
3663 3840
3663 3841
3840 3841
1784 3339
2964 3842
3668 3843
3668 3844
3668 3845
3668 3846
3668 3847
3668 3848
3668 3849
3668 3850
3668 3851
3668 3852
3668 3853
3668 3854
1833 2455
1833 3855
2455 3855
2811 3420
2811 3857
3420 3810
3420 3857
3810 3857
3858 3859
1833 3860
1833 3861
1833 3862
1833 3863
3860 3861
3860 3862
3860 3863
3861 3862
3861 3863
3862 3863
3486 3666
3866 3867
3868 3869
3870 3871
3870 3872
3870 3873
3870 3874
3871 3872
3871 3873
3871 3874
3872 3873
3872 3874
3873 3874
2616 2765
2616 3876
2616 3877
2616 3878
2616 3879
2765 3876
2765 3877
2765 3878
2765 3879
3876 3877
3876 3878
3876 3879
3877 3878
3877 3879
3878 3879
3022 3088
2681 3145
2681 3643
3145 3643
3882 3883
158 3056
158 3884
3056 3884
3128 3149
200 3885
200 3886
200 3887
200 3888
200 3889
200 3890
200 3891
3885 3886
3885 3887
3885 3888
3885 3889
3885 3890
3885 3891
3886 3887
3886 3888
3886 3889
3886 3890
3886 3891
3887 3888
3887 3889
3887 3890
3887 3891
3888 3889
3888 3890
3888 3891
3889 3890
3889 3891
3890 3891
2511 3892
3673 3844
2620 2669
2620 3896
2669 3896
1833 3897
1833 3898
3897 3898
158 3899
3900 3901
3900 3902
2781 3662
2781 3672
2781 3904
3662 3672
3662 3904
3672 3904
2777 3905
1833 3908
2744 2906
2744 3910
2906 3910
1833 3911
3913 3914
3736 3915
3736 3916
3736 3917
3736 3918
3915 3916
3915 3917
3915 3918
3916 3917
3916 3918
3917 3918
1985 3919
227 3924
3925 3926
3031 3927
1833 3933
2627 3027
2627 3355
3027 3355
3938 3939
3940 3941
3942 3943
3945 3946
3948 3949
619 3757
3951 3952
3953 3954
3953 3955
3954 3955
2780 3486
2780 3865
2780 3904
3486 3865
3486 3904
3865 3904
3956 3957
3956 3958
3956 3959
3956 3960
3957 3958
3957 3959
3957 3960
3958 3959
3958 3960
3959 3960
2784 3961
2784 3962
2784 3963
3961 3962
3961 3963
3962 3963
3964 3965
2681 3967
619 2779
1833 3971
2615 3103
3103 3973
200 227
200 3243
200 3975
227 3975
3243 3975
3976 3977
1833 3979
1833 3981
1942 3982
2813 3984
2813 3985
2813 3986
2813 3987
3984 3985
3984 3986
3984 3987
3985 3986
3985 3987
3986 3987
1743 2777
1743 3988
2777 3988
619 2777
619 3103
619 3990
2777 2784
2777 3103
2777 3990
2784 3990
3103 3990
3991 3992
3993 3994
158 3991
158 3992
158 3995
3991 3995
3992 3995
2784 3144
1282 3997
3998 3999
4000 4001
4000 4002
4001 4002
4003 4004
619 2591
619 4005
2591 4005
4006 4007
4008 4009
4008 4010
4009 4010
2615 4011
1831 4013
1833 4014
2662 4014
619 4016
2784 4016
619 2359
3103 4018
2613 2681
2613 4019
2681 4019
2661 3736
2661 4023
3736 4023
158 3108
4024 4025
4027 4028
619 3609
619 4029
3609 4029
2716 4030
3129 3254
3736 4031
3736 4034
4031 4034
1833 4031
1833 4035
4031 4035
3469 4037
3022 4039
3022 4040
4039 4040
1833 4041
1675 4043
3184 4045
3184 4046
4045 4046
4047 4048
3510 4049
619 4050
2615 4052
1743 2791
1942 2791
2613 2858
619 3263
619 4054
1743 2669
1743 3263
1743 4054
2615 2669
2615 2681
2615 4054
2669 2681
2669 3263
2669 4054
2681 4054
3263 4054
3799 3917
3800 3917
2695 2938
4055 4056
4058 4059
4058 4060
4058 4061
4059 4060
4059 4061
4060 4061
3003 4062
4063 4064
4063 4065
4064 4065
3486 4066
4067 4068
3461 3954
3461 3955
3461 4070
3954 4070
3955 4070
3852 3954
3852 3955
3852 4071
3954 4071
3955 4071
3954 4072
3954 4073
3955 4072
3955 4073
4072 4073
3461 4074
3461 4075
3954 4074
3954 4075
3955 4074
3955 4075
4074 4075
2661 4076
2661 4077
4076 4077
3954 4078
3955 4078
1831 2661
2936 4079
2936 4080
4079 4080
3158 3190
4083 4084
2847 4085
1942 4086
619 3736
3736 4016
4088 4089
4088 4090
4089 4090
4099 4100
4108 4109
4098 4102
4098 4106
4102 4106
4115 4116
4121 4122
4126 4127
4126 4128
4127 4128
4131 4132
4131 4133
4131 4134
4132 4133
4132 4134
4133 4134
4135 4136
4138 4139
4106 4112
4144 4145
4144 4146
4145 4146
4151 4152
4157 4158
4098 4159
4160 4161
4160 4162
4161 4162
4094 4106
4094 4163
4094 4165
4094 4166
4094 4167
4106 4163
4106 4165
4106 4166
4106 4167
4163 4165
4163 4166
4163 4167
4165 4166
4165 4167
4166 4167
4098 4170
4112 4171
4163 4173
4177 4178
4148 4182
4185 4186
4185 4187
4185 4188
4186 4187
4186 4188
4187 4188
4102 4163
4163 4190
4094 4099
4099 4163
4099 4166
4099 4167
4194 4195
4197 4198
4106 4111
4124 4204
4208 4209
4106 4210
4106 4211
4210 4211
4148 4212
4213 4214
4213 4215
4213 4216
4213 4217
4213 4218
4214 4215
4214 4216
4214 4217
4214 4218
4215 4216
4215 4217
4215 4218
4216 4217
4216 4218
4217 4218
4113 4177
4113 4225
4177 4225
2473 4102
4229 4230
4233 4234
4233 4235
4234 4235
4237 4238
4094 4102
4241 4242
4241 4243
4242 4243
4113 4248
4113 4249
4248 4249
4251 4252
4251 4253
4252 4253
4106 4188
4106 4255
4106 4256
4106 4257
4106 4258
4188 4255
4188 4256
4188 4257
4188 4258
4255 4256
4255 4257
4255 4258
4256 4257
4256 4258
4257 4258
4112 4185
4112 4259
4112 4260
4112 4261
4112 4262
4185 4259
4185 4260
4185 4261
4185 4262
4259 4260
4259 4261
4259 4262
4260 4261
4260 4262
4261 4262
4147 4265
420 4112
4272 4273
4278 4279
4278 4280
4279 4280
4098 4283
4098 4284
4106 4283
4106 4284
4283 4284
4102 4247
4289 4290
4098 4173
4106 4173
4098 4111
4298 4299
738 4106
4098 4271
4106 4271
4102 4303
4305 4306
4305 4307
4305 4308
4306 4307
4306 4308
4307 4308
2473 4147
4312 4313
4314 4315
1938 4102
1938 4319
1938 4320
4102 4319
4102 4320
4319 4320
4098 4321
4106 4321
4098 4322
4102 4322
4106 4322
4102 4148
4106 4148
4106 4325
4112 4325
4332 4333
4099 4148
4099 4171
4099 4200
4099 4303
4148 4171
4148 4200
4148 4303
4171 4200
4171 4303
4200 4303
4106 4303
4095 4342
1833 4345
1833 4346
1833 4347
1833 4348
1833 4349
1833 4350
1833 4351
4345 4346
4345 4347
4345 4348
4345 4349
4345 4350
4345 4351
4346 4347
4346 4348
4346 4349
4346 4350
4346 4351
4347 4348
4347 4349
4347 4350
4347 4351
4348 4349
4348 4350
4348 4351
4349 4350
4349 4351
4350 4351
4106 4200
4102 4111
4356 4357
4106 4361
4106 4362
4361 4362
4362 4363
4102 4166
4372 4373
4094 4376
4102 4376
4112 4378
4383 4384
4098 4387
4106 4391
4111 4394
4111 4395
4225 4257
4098 4112
4102 4405
4106 4405
4106 4408
4411 4412
4106 4113
4106 4249
4112 4113
4112 4249
4112 4257
4113 4257
4249 4257
4413 4414
4106 4416
4102 4321
4425 4426
4427 4428
4429 4430
4431 4432
4106 4434
4106 4435
4106 4436
4434 4435
4434 4436
4435 4436
4177 4441
4443 4444
4445 4446
4452 4453
4098 4462
4171 4464
4098 4466
4106 4466
3813 4106
3813 4467
3813 4468
4106 4467
4106 4468
4467 4468
4106 4459
4106 4473
4459 4473
4098 4474
4106 4474
3054 4106
4476 4477
4476 4478
4476 4479
4477 4478
4477 4479
4478 4479
4481 4482
4481 4483
4481 4484
4482 4483
4482 4484
4483 4484
4148 4163
4200 4493
4494 4495
4098 4200
4098 4519
4525 4526
4531 4532
4531 4533
4531 4534
4531 4535
4532 4533
4532 4534
4532 4535
4533 4534
4533 4535
4534 4535
4537 4538
4106 4543
4163 4546
4548 4549
4111 4271
4111 4550
4271 4550
4106 4552
4106 4553
4106 4554
4552 4553
4552 4554
4553 4554
4098 4127
4098 4171
4098 4303
4134 4196
4134 4556
4196 4556
4111 4558
4106 4559
4563 4564
4242 4317
4242 4565
4242 4566
4242 4567
4243 4317
4243 4565
4243 4566
4243 4567
4317 4565
4317 4566
4317 4567
4565 4566
4565 4567
4566 4567
4576 4577
4098 4578
4580 4581
4102 4585
4111 4200
4134 4591
4196 4591
4094 4098
4098 4166
4106 4585
2473 4600
4601 4602
4601 4603
4602 4603
4262 4604
4262 4605
4262 4606
4262 4607
4604 4605
4604 4606
4604 4607
4605 4606
4605 4607
4606 4607
4098 4263
4608 4609
3754 4613
4616 4617
4616 4618
4617 4618
4620 4621
4622 4623
1084 4625
4626 4627
2633 4633
4635 4636
4635 4637
4636 4637
1780 4638
4639 4640
1610 3754
1610 4642
3754 4642
3754 4625
3754 4647
4625 4647
4648 4649
4648 4650
4648 4651
4648 4652
4649 4650
4649 4651
4649 4652
4650 4651
4650 4652
4651 4652
3734 3754
2633 3754
2633 4659
2633 4660
3754 4659
3754 4660
4659 4660
2473 3156
4661 4662
4665 4666
4665 4667
4665 4668
4666 4667
4666 4668
4667 4668
4671 4672
4674 4675
2633 4676
2633 4677
2633 4678
4676 4677
4676 4678
4677 4678
4680 4681
1282 4684
1282 4685
4684 4685
4686 4687
4686 4688
4687 4688
4678 4689
4691 4692
4693 4694
4696 4697
4700 4701
4700 4702
4700 4703
4701 4702
4701 4703
4702 4703
4704 4705
4708 4709
4711 4712
4713 4714
4713 4715
4714 4715
4717 4718
4717 4719
4717 4720
4718 4719
4718 4720
4719 4720
4667 4723
4667 4724
4667 4725
4668 4723
4668 4724
4668 4725
4723 4724
4723 4725
4724 4725
4727 4728
4668 4729
4730 4731
4730 4732
4731 4732
4722 4737
4739 4740
15 1833
15 4742
15 4743
97 1833
97 4742
97 4743
1833 4742
1833 4743
4742 4743
4744 4745
4746 4747
4750 4751
4640 4753
4755 4756
4757 4758
4757 4759
4757 4760
4758 4759
4758 4760
4759 4760
1110 1610
3754 4761
1833 4763
1833 4665
1833 4765
4665 4765
4767 4768
1610 4769
4771 4772
4771 4773
4772 4773
4752 4778
4752 4779
4778 4779
4754 4780
4783 4784
4783 4785
4783 4786
4783 4787
4784 4785
4784 4786
4784 4787
4785 4786
4785 4787
4786 4787
4784 4789
4785 4789
4786 4789
4764 4790
4635 4767
4725 4791
4725 4792
4791 4792
4684 4793
4794 4795
4798 4799
4725 4801
1833 4668
4802 4803
4802 4804
4803 4804
4711 4805
2634 4806
4807 4808
4807 4809
4808 4809
1610 4665
1610 4814
4665 4814
4625 4821
4685 4822
4685 4823
4685 4824
4685 4825
4685 4826
4822 4823
4822 4824
4822 4825
4822 4826
4823 4824
4823 4825
4823 4826
4824 4825
4824 4826
4825 4826
4758 4829
4831 4832
4833 4834
4833 4835
4833 4836
4834 4835
4834 4836
4835 4836
4837 4838
4802 4839
4773 4840
4843 4844
4843 4845
4844 4845
4846 4847
4846 4848
4847 4848
4850 4851
2633 4853
4662 4856
4662 4857
4856 4857
4685 4860
4685 4861
4685 4862
4860 4861
4860 4862
4861 4862
4795 4864
4795 4865
4864 4865
4767 4866
4868 4869
4871 4872
4795 4873
4795 4874
4873 4874
4875 4876
4875 4877
4875 4878
4875 4879
4876 4877
4876 4878
4876 4879
4877 4878
4877 4879
4878 4879
4642 4882
1833 4642
4640 4883
4885 4886
4890 4891
4890 4892
4891 4892
4869 4893
4662 4894
851 4896
4830 4897
3331 4898
3331 4899
4898 4899
2633 4631
2633 4900
4631 4900
4700 4820
4700 4903
4820 4903
4795 4904
4795 4905
4795 4906
4904 4905
4904 4906
4905 4906
4752 4907
2633 4909
2633 4910
4909 4910
4912 4913
4912 4914
4913 4914
4795 4916
4904 4916
4732 4920
4732 4921
4920 4921
1282 4922
1282 4923
4922 4923
4924 4925
4685 4926
4860 4926
4861 4926
4862 4926
4795 4927
4795 4928
4927 4928
2727 4929
2727 4930
4929 4930
2744 4668
2744 4931
2744 4932
4668 4931
4668 4932
4931 4932
4662 4934
4857 4934
4869 4935
4665 4938
4830 4835
4830 4939
4835 4939
4668 4940
4668 4941
4940 4941
4943 4944
3754 4668
4945 4946
4947 4948
4947 4949
4948 4949
4869 4950
4952 4953
4952 4954
4953 4954
4760 4955
4760 4956
4760 4957
4955 4956
4955 4957
4956 4957
1833 2511
1833 4959
1833 4960
1833 4961
1833 4962
2511 4959
2511 4960
2511 4961
2511 4962
4959 4960
4959 4961
4959 4962
4960 4961
4960 4962
4961 4962
4967 4968
4967 4969
4968 4969
4942 4970
4971 4972
4671 4681
4662 4665
4662 4975
4662 4976
4665 4975
4665 4976
4975 4976
2633 4977
4678 4977
4625 4978
4625 4979
4978 4979
2600 4640
2633 4980
4760 4981
4983 4984
4985 4986
4964 4987
4760 4988
1282 4989
1282 4990
4989 4990
4668 4857
4993 4994
4993 4995
4993 4996
4993 4997
4993 4998
4994 4995
4994 4996
4994 4997
4994 4998
4995 4996
4995 4997
4995 4998
4996 4997
4996 4998
4997 4998
4667 5001
4667 5002
4668 5001
4668 5002
5001 5002
4665 4852
4665 5004
4665 5005
4852 5004
4852 5005
5004 5005
5006 5007
5006 5008
5007 5008
5010 5011
3108 5014
3108 5015
5014 5015
1833 5016
5017 5018
5020 5021
5022 5023
5022 5024
5023 5024
5025 5026
5025 5027
5026 5027
643 5028
4869 5030
5031 5032
5031 5033
5032 5033
5036 5037
4662 5039
1127 5040
1127 5041
5040 5041
4773 5044
4897 5045
5046 5047
5046 5048
5047 5048
5050 5051
5052 5053
4672 5054
2727 4760
5056 5057
4929 5010
4929 5063
5010 5063
4672 5065
5054 5065
5066 5067
5068 5069
5070 5071
4930 5072
4685 4795
4685 4817
4685 5010
4685 5073
4685 5074
4685 5075
4795 4817
4795 5010
4795 5073
4795 5074
4795 5075
4817 5010
4817 5073
4817 5074
4817 5075
5010 5073
5010 5074
5010 5075
5073 5074
5073 5075
5074 5075
4690 5076
4668 4690
4642 4732
5078 5079
5080 5081
1833 4640
1833 4685
1833 5082
4640 4668
4640 4685
4640 5082
4668 4685
4668 5082
4685 5082
4943 5083
5084 5085
4733 5086
3754 4944
3754 5087
4944 5087
3754 4853
4886 5089
4886 5090
4886 5091
4886 5092
5089 5090
5089 5091
5089 5092
5090 5091
5090 5092
5091 5092
5018 5095
5062 5096
5062 5097
5096 5097
5098 5099
5100 5101
5100 5102
5100 5103
5100 5104
5101 5102
5101 5103
5101 5104
5102 5103
5102 5104
5103 5104
5105 5106
5105 5107
5106 5107
4670 4685
4733 5110
4733 5111
4733 5112
5110 5111
5110 5112
5111 5112
5113 5114
5113 5115
5114 5115
5116 5119
4625 5120
4625 5121
5120 5121
4943 5122
4837 4898
4837 5123
4898 5123
5124 5125
4731 5127
4731 5128
5127 5128
3252 5129
4924 5131
4943 5132
4943 5133
5132 5133
3754 4789
5136 5137
5136 5138
5137 5138
21 643
61 643
1084 4668
1537 4943
4760 5140
4957 5141
3252 5144
3252 5145
5144 5145
3252 5146
5144 5146
3754 4640
2633 5147
4662 5151
4665 5151
1833 5153
1942 5153
5154 5155
3308 5156
3308 5157
5156 5157
5116 5159
5033 5160
5161 5162
5161 5163
5161 5164
5162 5163
5162 5164
5163 5164
4950 5165
4950 5166
5165 5166
4625 5169
5170 5171
5170 5172
5170 5173
5170 5174
5170 5175
5171 5172
5171 5173
5171 5174
5171 5175
5172 5173
5172 5174
5172 5175
5173 5174
5173 5175
5174 5175
4732 5176
1610 5177
1610 5178
4733 4764
4733 5182
4764 5182
4767 5183
4837 5184
4837 5185
5184 5185
5186 5187
5052 5190
5052 5191
5052 5192
5190 5191
5190 5192
5191 5192
1610 5193
5058 5090
5194 5195
5198 5199
4625 4685
4685 4979
5164 5204
5205 5206
5209 5210
4630 5213
1282 5215
1282 5216
5215 5216
5116 5218
4725 5219
5033 5223
5224 5225
2633 3016
2633 5226
3016 5226
5227 5228
5229 5230
4685 5231
4685 5232
4979 5231
4979 5232
5231 5232
4625 5233
4821 5233
4939 5109
4939 5234
5109 5234
5235 5236
4678 4869
4678 5237
4869 5237
3754 5238
4957 5121
4773 5241
4773 5242
4773 5243
5241 5242
5241 5243
5242 5243
2699 4685
2699 4979
5246 5247
5248 5249
2633 4675
2633 5251
2633 5252
3754 4675
3754 5251
3754 5252
4675 5251
4675 5252
5251 5252
5093 5253
5206 5255
5256 5257
5258 5259
5260 5261
4678 4760
4678 5007
4678 5264
4760 5007
4760 5264
5007 5264
4678 5266
4760 4869
4760 5266
4869 5266
4665 5267
4852 5267
5268 5269
5268 5270
5269 5270
4625 4897
703 5271
703 5272
5271 5272
1833 2724
1833 3754
1833 5275
1833 5276
1833 5277
2724 3754
2724 5275
2724 5276
2724 5277
3754 5275
3754 5276
3754 5277
5275 5276
5275 5277
5276 5277
4731 5278
2633 4869
2633 5270
4869 4910
4869 5270
4910 5270
4892 5111
4892 5280
4892 5281
4892 5282
4892 5283
5111 5280
5111 5281
5111 5282
5111 5283
5280 5281
5280 5282
5280 5283
5281 5282
5281 5283
5282 5283
4869 5285
4733 5286
2633 5287
4869 5287
2573 5288
2573 5289
5288 5289
5291 5292
2099 5293
4670 5294
5135 5295
5135 5296
5295 5296
4662 5299
4665 5299
1282 5300
1282 5301
5300 5301
5264 5303
1282 5306
1282 5307
5306 5307
1084 4977
5309 5310
4662 5313
4665 5313
5314 5315
5314 5316
5315 5316
1610 5319
1610 5320
1610 5321
5319 5320
5319 5321
5320 5321
4613 5322
5325 5326
5327 5328
5329 5330
1610 5331
3754 5332
3754 5333
3754 5334
4668 5332
4668 5333
4668 5334
5332 5333
5332 5334
5333 5334
5191 5336
5192 5336
4795 5337
4795 5338
5337 5338
5339 5340
5342 5343
4665 4830
4665 4862
4830 4862
5346 5347
5191 5350
5191 5351
5192 5350
5192 5351
5350 5351
5353 5354
4857 5356
2727 5358
2727 5359
2727 5360
5358 5359
5358 5360
5359 5360
3734 5076
3734 5361
5076 5361
4950 5362
4950 5363
4950 5364
5362 5363
5362 5364
5363 5364
2722 5367
2722 5368
5367 5368
5369 5370
5369 5371
5370 5371
5373 5374
4801 5375
2727 5376
2727 5377
5376 5377
5378 5379
5378 5380
5379 5380
4685 5386
4685 5387
4685 5388
5386 5387
5386 5388
5387 5388
851 4154
5391 5392
4676 5394
4676 5395
5394 5395
5397 5398
547 1743
547 2453
4264 5402
2633 5407
4678 5407
4852 5409
4852 5410
4852 5411
5409 5410
5409 5411
5410 5411
5062 5412
5062 5413
5412 5413
4862 5414
4662 5415
4665 5415
2681 3734
2681 3754
4665 5071
4665 5417
5071 5417
5191 5418
5191 5419
5192 5418
5192 5419
5418 5419
4687 5421
4687 5422
5421 5422
5423 5424
3156 4673
3156 5425
4673 5425
315 5427
5429 5430
5429 5431
5430 5431
5424 5433
5435 5436
4662 5438
4665 5438
3112 5440
3112 5441
5440 5441
4668 5076
4668 5445
4668 5446
5076 5445
5076 5446
5445 5446
1282 5138
1282 5447
5138 5447
4896 4907
4896 5448
4907 5448
5062 5450
4625 5452
5455 5456
5455 5457
5455 5458
5456 5457
5456 5458
5457 5458
5460 5461
5197 5416
3754 5462
3754 5463
5462 5463
4685 5464
4685 5465
5464 5465
2727 5466
5468 5469
5470 5471
851 5473
5476 5477
5416 5481
5416 5482
5416 5483
5416 5484
5416 5485
5481 5482
5481 5483
5481 5484
5481 5485
5482 5483
5482 5484
5482 5485
5483 5484
5483 5485
5484 5485
4640 5487
5488 5489
4797 5490
4797 5491
4797 5492
4797 5493
5490 5491
5490 5492
5490 5493
5491 5492
5491 5493
5492 5493
2727 5494
2727 5495
5494 5495
4795 5496
5075 5496
4979 5498
4979 5499
4979 5500
5498 5499
5498 5500
5499 5500
2633 4672
5502 5503
5508 5509
5508 5510
5509 5510
4907 5056
4671 5511
5514 5515
5518 5519
5518 5520
5518 5521
5519 5520
5519 5521
5520 5521
5524 5525
5531 5532
4836 5533
1610 5534
1833 5536
1833 5537
1833 5538
5536 5537
5536 5538
5537 5538
196 1610
196 4857
196 5076
1610 4857
1610 5076
4857 5076
5540 5541
5541 5542
4678 4990
4678 5543
4678 5544
4678 5545
4678 5546
4990 5543
4990 5544
4990 5545
4990 5546
5543 5544
5543 5545
5543 5546
5544 5545
5544 5546
5545 5546
4773 5548
4773 5549
5548 5549
3754 5550
4853 5551
4853 5552
4853 5553
5551 5552
5551 5553
5552 5553
4702 5197
4662 5554
4857 5554
4760 5556
5516 5557
1833 5558
3754 5558
5560 5561
5562 5563
1610 5564
2633 4846
2633 5565
4678 4846
4678 5565
4846 5565
4635 5527
5567 5568
5465 5569
5465 5570
5569 5570
4828 5571
5573 5574
4828 5226
4828 5575
5226 5571
5226 5575
5571 5575
5576 5577
4678 5578
5581 5582
5581 5583
5582 5583
5586 5587
5588 5589
4913 5591
4913 5592
5591 5592
5414 5593
1282 4853
1282 5594
4853 5594
4853 5216
2633 5448
4702 5596
5197 5596
4668 5598
4668 5599
4668 5600
5598 5599
5598 5600
5599 5600
4625 5601
4625 5602
5601 5602
5603 5604
1833 5605
1833 5606
5605 5606
5613 5614
5613 5615
5614 5615
5616 5617
5612 5618
2633 5621
4678 5621
281 5622
5407 5624
5407 5625
5624 5625
3734 5628
3734 5629
5628 5629
4756 4820
4756 5632
4820 5632
5608 5633
4828 4837
4828 5634
4837 5634
4951 5636
5612 5637
4801 5639
5636 5640
4913 5642
4664 5643
4846 4892
4846 5650
4892 5650
4950 5652
4640 5653
4640 5654
5653 5654
4828 5656
5657 5658
4640 5316
5316 5654
5100 5660
2633 5662
2633 5663
5662 5663
3754 5231
3754 5516
4944 5231
4944 5516
5231 5516
1610 5666
1610 5667
5666 5667
1282 5668
5239 5669
5671 5672
5671 5673
5672 5673
4852 5018
4640 5674
4668 4957
4668 5676
4668 5677
4668 5678
4957 5676
4957 5677
4957 5678
5676 5677
5676 5678
5677 5678
5680 5681
5053 5682
4025 4957
4025 5280
4957 5280
4640 5602
4640 5683
5602 5683
5684 5685
612 2633
612 5686
612 5687
612 5688
612 5689
2633 5686
2633 5687
2633 5688
2633 5689
5686 5687
5686 5688
5686 5689
5687 5688
5687 5689
5688 5689
5691 5692
5693 5694
4767 4773
4767 5698
4773 5698
4640 5699
4640 5701
4012 5702
4025 5246
4025 5703
5246 5703
2436 5705
4906 5707
4906 5708
5707 5708
4817 5318
4817 5710
4817 5711
4817 5712
5318 5710
5318 5711
5318 5712
5710 5711
5710 5712
5711 5712
5713 5714
5713 5715
5714 5715
3331 5718
4732 5719
5473 5720
5473 5721
5720 5721
5356 5722
5356 5723
5722 5723
4681 5254
5724 5725
5726 5727
4681 4892
4681 5730
4892 5730
2734 5658
851 5731
5473 5731
5733 5734
5735 5736
4795 5739
4795 5740
5739 5740
4685 5712
5741 5742
5744 5745
4795 5747
4795 5748
4795 5749
4795 5750
5748 5749
5748 5750
5749 5750
4821 5751
4821 5752
5751 5752
5754 5755
5397 5756
5397 5757
5756 5757
5763 5764
5763 5765
5764 5765
5768 5769
5770 5771
5770 5772
5770 5773
5771 5772
5771 5773
5772 5773
5776 5777
5776 5778
5777 5778
5589 5779
4685 5780
4979 5780
1610 4674
5782 5783
4625 5534
4625 5784
4625 5785
5534 5784
5534 5785
5784 5785
5787 5788
5787 5789
5788 5789
5790 5791
58 4681
4692 4943
1610 5796
4853 5175
1833 4838
4668 4838
5797 5798
5797 5799
5798 5799
5800 5801
5802 5803
5805 5806
5807 5808
1610 2633
1610 5809
1610 5810
2633 5809
2633 5810
5809 5810
3297 5811
5814 5815
4837 5817
5116 5818
4264 5819
547 1942
1282 5546
5219 5823
5010 5318
5010 5712
5825 5826
1226 2972
1226 5827
2972 5827
5828 5829
5830 5831
5832 5833
5832 5834
5833 5834
5835 5836
4715 4906
4715 5707
4773 5197
1282 5843
1282 5844
5843 5844
4631 5845
1084 5814
4625 5814
5846 5847
612 3186
5849 5850
5849 5851
5849 5852
5849 5853
5850 5851
5850 5852
5850 5853
5851 5852
5851 5853
5852 5853
5842 5855
4869 5856
5420 5858
5860 5861
5862 5863
4625 5768
4685 5575
5864 5866
5867 5868
1282 5870
1282 5871
5870 5871
4625 4814
4625 5864
4625 5872
4814 5864
4814 5872
5864 5872
4681 4854
4681 5873
4854 5873
5875 5876
5878 5879
5880 5881
5880 5882
5881 5882
5884 5885
5886 5887
3754 5888
4760 5452
4760 5889
5452 5889
5890 5891
5894 5895
5594 5896
5594 5897
5896 5897
4733 5281
4733 5881
5111 5881
5112 5281
5112 5881
5281 5881
4795 5899
5900 5901
5900 5902
5901 5902
5904 5905
5280 5908
5280 5909
5908 5909
5910 5911
4838 5104
4838 5219
4838 5914
5104 5219
5104 5914
5219 5914
4725 5816
5915 5916
3344 4725
5116 5919
315 2083
315 5920
2083 5920
4725 5116
4906 5465
4625 5922
5924 5925
2727 4854
5360 5712
4725 5929
5541 5930
4836 5185
5934 5935
5934 5936
5935 5936
2742 4685
4953 5938
5940 5941
5943 5944
5037 5093
5037 5945
5037 5946
5037 5947
5037 5948
5093 5945
5093 5946
5093 5947
5093 5948
5945 5946
5945 5947
5945 5948
5946 5947
5946 5948
5947 5948
5950 5951
851 5952
851 5953
5952 5953
1282 5954
4665 5955
4665 5956
5955 5956
5033 5963
1610 5964
1084 5191
1084 5965
4625 5191
4625 5965
5191 5965
5968 5969
5968 5970
5968 5971
5969 5970
5969 5971
5970 5971
4678 5973
4678 5974
4678 5975
5973 5974
5973 5975
5974 5975
3734 5976
3734 5977
3734 5978
5976 5977
5976 5978
5977 5978
4675 5980
4675 5981
5980 5981
1282 5982
4795 5182
1282 5007
4899 5058
4722 5988
5801 5989
4820 5990
4767 5583
4767 5991
5583 5991
5801 5992
5229 5995
6000 6001
6003 6004
6007 6008
1610 5116
1610 6009
5116 6009
4857 6010
6011 6012
6014 6015
5229 5852
5229 6017
5852 6017
6018 6019
547 6020
547 6021
6020 6021
4895 6023
5229 5821
5821 5852
5821 6017
6024 6025
4640 4715
4640 6026
4715 6026
6027 6028
3754 5094
4640 5094
1610 6029
3754 6030
3754 6031
3754 6032
6030 6031
6030 6032
6031 6032
4668 6034
4668 6035
4668 6036
4668 6037
6034 6035
6034 6036
6034 6037
6035 6036
6035 6037
6036 6037
1282 5967
4625 4773
4625 5549
1282 4758
1282 6038
1282 6039
4758 6038
4758 6039
6038 6039
5318 6040
5034 6042
4725 6044
4725 6045
6044 6045
4670 4675
4670 5982
4675 5982
6046 6047
6046 6048
6047 6048
5567 6049
4817 5360
4817 5739
4817 5844
4817 6051
5360 5739
5360 5844
5360 6051
5739 5844
5739 6051
5844 6051
4767 6052
6053 6054
2633 6056
2633 6057
6056 6057
4795 6059
4795 6060
6059 6060
6062 6063
4897 5263
4640 4838
4640 6067
4838 6067
4808 5116
1282 6068
1282 6069
6068 6069
6070 6071
6070 6072
6071 6072
1537 5872
1537 6073
1537 6074
1537 6075
4943 5872
4943 6073
4943 6074
4943 6075
5872 6073
5872 6074
5872 6075
6073 6074
6073 6075
6074 6075
3344 6076
4773 4795
4773 6078
4795 6078
1282 6079
5306 6079
2727 5514
2727 6080
5514 6080
4625 5033
6081 6082
4684 6083
6085 6086
5801 6088
2633 6089
4752 5461
4752 6090
5461 6090
4625 6058
4773 6058
1282 6091
6093 6094
4851 4861
2887 6095
5007 6065
4733 6097
4640 6098
4640 6099
6098 6099
6102 6103
6102 6104
6103 6104
4640 6107
6108 6109
6108 6110
6108 6111
6108 6112
6109 6110
6109 6111
6109 6112
6110 6111
6110 6112
6111 6112
4930 5318
4930 5712
4930 6113
4930 6114
4930 6115
5318 6113
5318 6114
5318 6115
5712 6113
5712 6114
5712 6115
6113 6114
6113 6115
6114 6115
4678 6116
4631 5621
4665 6123
4665 6124
4666 6123
4666 6124
6123 6124
3344 5547
3344 6127
5547 6127
4665 6130
4665 6131
4666 6130
4666 6131
6130 6131
3754 4767
6132 6133
4025 4690
5216 6134
4900 5534
4900 6135
4900 6136
4900 6137
4900 6138
4900 6139
5534 6135
5534 6136
5534 6137
5534 6138
5534 6139
6135 6136
6135 6137
6135 6138
6135 6139
6136 6137
6136 6138
6136 6139
6137 6138
6137 6139
6138 6139
4625 6140
1084 6141
3968 6142
3968 6143
6142 6143
4640 6144
5052 5206
5485 6149
4640 6119
4668 5701
4668 6119
5701 6119
1282 6151
2633 5652
2633 6152
2633 6153
5652 6152
5652 6153
6152 6153
5420 5901
5420 5902
3344 6155
4725 6155
1282 5465
1282 6156
5465 6156
5848 6157
1084 1282
1084 3252
1084 6158
1084 6159
1084 6160
1282 3252
1282 6158
1282 6159
1282 6160
3252 6158
3252 6159
3252 6160
6158 6159
6158 6160
6159 6160
6163 6164
6163 6165
6163 6166
6164 6165
6164 6166
6165 6166
6169 6170
4857 6171
6172 6173
6172 6174
6173 6174
1282 5244
1282 6175
5244 6175
4898 6176
4898 6177
6176 6177
1084 6104
1084 6180
6104 6180
4715 6181
4869 6182
5731 6184
5731 6185
6184 6185
6166 6186
6190 6191
6190 6192
6190 6193
6191 6192
6191 6193
6192 6193
6194 6195
6194 6196
6195 6196
6197 6198
6197 6199
6198 6199
4725 6114
6200 6201
6202 6203
5504 6204
5504 6205
6204 6205
5898 6207
5898 6208
6207 6208
4725 6211
6212 6213
2590 6214
15 82
15 6215
15 6216
15 6217
82 97
82 6215
82 6216
82 6217
97 6215
97 6216
97 6217
6215 6216
6215 6217
6216 6217
6219 6220
6219 6221
6220 6221
4678 6225
4678 6226
6225 6226
1282 6129
1282 6227
6129 6227
4665 4725
6228 6229
1833 6230
6232 6233
6235 6236
5852 6237
6239 6240
5541 6241
3754 4854
3754 6243
3754 6244
4668 4854
4668 6243
4668 6244
4854 6243
4854 6244
6243 6244
5753 6246
4700 5318
2727 6253
2727 6254
6253 6254
1282 5407
2054 5451
2054 6255
5451 6255
4678 6259
1282 6260
1282 6261
1282 6262
6260 6261
6260 6262
6261 6262
3252 4685
3252 6264
4685 6264
6266 6267
3616 3632
3616 6272
3616 6273
3632 6272
3632 6273
6272 6273
4674 6274
4857 6275
1567 6276
1282 5053
6278 6279
1282 6280
5138 6280
6281 6282
6064 6283
4635 4853
4635 6166
4853 6166
4758 5138
4758 6284
5138 6284
6286 6287
851 6288
5239 6289
3754 6290
1282 6293
1282 6294
4685 6293
4685 6294
6293 6294
6296 6297
6296 6298
6297 6298
6299 6300
6300 6301
6300 6302
6301 6302
4668 6304
4668 6305
4857 6304
4857 6305
6304 6305
4694 5202
4694 5258
5202 5258
6311 6312
4892 5112
4892 5979
4892 6065
4892 6314
4892 6315
4892 6316
5112 5979
5112 6065
5112 6314
5112 6315
5112 6316
5979 6065
5979 6314
5979 6315
5979 6316
6065 6314
6065 6315
6065 6316
6314 6315
6314 6316
6315 6316
1282 6318
1282 6319
6318 6319
6320 6321
4672 6322
6323 6324
1282 6326
1282 6327
6326 6327
1282 4790
1282 6328
1282 6329
4790 6328
4790 6329
6328 6329
4892 6331
5112 6331
5979 6331
6065 6331
6314 6331
6315 6331
6316 6331
3344 4957
3344 6332
4957 6332
4667 5909
738 4635
738 4853
738 6335
738 6336
738 6337
4635 6335
4635 6336
4635 6337
4853 6335
4853 6336
4853 6337
6335 6336
6335 6337
6336 6337
6330 6338
6341 6342
6345 6346
6347 6348
6349 6350
6349 6351
6350 6351
4685 5202
4795 5202
4795 5712
5202 5712
6352 6353
1282 6348
5007 6354
5007 6355
6354 6355
1610 6356
6357 6358
6049 6246
3754 6359
5011 6360
5011 6361
6360 6361
4673 5058
4673 6363
5058 6363
1942 6364
6365 6366
6367 6368
6367 6369
6368 6369
6370 6371
1282 5202
1282 6372
5202 6372
5629 6374
5872 6160
5872 6377
6160 6377
2985 6378
6381 6382
6383 6384
3754 6385
4773 5412
4773 5988
5412 5988
6387 6388
6387 6389
6387 6390
6388 6389
6388 6390
6389 6390
4639 4715
4639 6236
4640 6236
4715 6236
1282 5906
3754 6364
3557 6394
3557 6395
6394 6395
4642 4802
6398 6399
6401 6402
6403 6404
6403 6405
6404 6405
4814 4862
1282 5712
1282 6407
5712 6407
6409 6410
6409 6411
6409 6412
6410 6411
6410 6412
6411 6412
6413 6414
1282 4668
6415 6416
4625 6417
6418 6419
4889 6421
4889 6422
4889 6423
4889 6424
6421 6422
6421 6423
6421 6424
6422 6423
6422 6424
6423 6424
4830 5333
4830 6425
4830 6426
5333 6425
5333 6426
6425 6426
4684 6427
4684 6428
6427 6428
1084 6429
6104 6429
6180 6429
1282 6431
3344 6432
3344 6433
6432 6433
6434 6435
5225 6436
5225 6437
6436 6437
4929 5712
4929 6114
4929 6440
4929 6441
4929 6442
4930 6440
4930 6441
4930 6442
5712 6440
5712 6441
5712 6442
6114 6440
6114 6441
6114 6442
6440 6441
6440 6442
6441 6442
5952 6443
4767 5018
4767 5988
4767 6444
4767 6445
5018 5988
5018 6444
5018 6445
5988 6444
5988 6445
6444 6445
6446 6447
6446 6448
6447 6448
4770 6176
4770 6295
6176 6295
4767 5995
5018 5995
5988 5995
5995 6445
4862 5485
4862 6452
5485 6452
4981 6453
6455 6456
4640 4714
6462 6463
4930 5849
5849 6441
4732 6466
1833 6467
4694 6468
6469 6470
5712 5849
5230 5870
5230 6166
5230 6472
5870 6166
5870 6472
6166 6472
162 5738
162 6473
5738 6473
4899 6476
4795 6441
4795 6477
6441 6477
1282 6478
6479 6480
4853 6482
5952 6483
6484 6485
5602 6486
3754 5496
3754 5738
5496 5738
6488 6489
6488 6490
6489 6490
6390 6491
1282 6493
1282 4957
4957 5870
4685 6494
1282 6495
1282 6496
6495 6496
3252 5120
5120 6159
5519 6390
5519 6491
4862 6501
5450 6491
5450 6503
6491 6503
4927 5852
4927 6504
4927 6505
4927 6506
4927 6507
5852 6504
5852 6505
5852 6506
5852 6507
6504 6505
6504 6506
6504 6507
6505 6506
6505 6507
6506 6507
1833 6510
1282 6511
4685 4805
6377 6464
4640 6512
4906 6114
4906 6375
4906 6441
6114 6375
6375 6441
6369 6518
6369 6519
6369 6520
6518 6519
6518 6520
6519 6520
5407 6521
6522 6523
6522 6524
6522 6525
6522 6526
6523 6524
6523 6525
6523 6526
6524 6525
6524 6526
6525 6526
6527 6528
1282 6529
4003 4625
4003 6530
4625 6530
4635 6532
4635 6533
6166 6532
6166 6533
6532 6533
4784 6534
6536 6537
6536 6538
6536 6539
6537 6538
6537 6539
6538 6539
6541 6542
5115 6544
1282 6546
1282 6547
6546 6547
6549 6550
4897 5621
2473 6519
2473 6554
2473 6555
6519 6554
6519 6555
6554 6555
6556 6557
6556 6558
6557 6558
5079 6562
6563 6564
6563 6565
6563 6566
6564 6565
6564 6566
6565 6566
5386 6568
5386 6569
6568 6569
5533 6099
5533 6375
5533 6573
5533 6574
5533 6575
6099 6375
6099 6573
6099 6574
6099 6575
6375 6573
6375 6574
6375 6575
6573 6574
6573 6575
6574 6575
1084 4700
1084 6577
4700 6577
4671 6578
4671 5824
4671 6551
4671 6579
5824 6551
5824 6579
6551 6579
4986 6580
4986 6581
4986 6582
4986 6583
6580 6581
6580 6582
6580 6583
6581 6582
6581 6583
6582 6583
4662 6585
4662 6586
6585 6586
2727 6527
6590 6591
4854 4862
4854 6594
4862 6594
4685 4869
6595 6596
4640 6597
5305 6598
196 6599
3363 4686
3363 6600
3363 6601
4686 6600
4686 6601
6600 6601
3734 4672
3734 4678
3734 4760
3734 6603
4672 4678
4672 4760
4672 6603
4678 6603
4760 6603
6604 6605
4673 6607
4673 6608
6607 6608
4728 6609
1282 5116
5547 6610
4700 6611
5652 6612
6613 6614
6613 6615
6614 6615
6534 6616
6534 6617
6616 6617
4685 5495
4685 6618
4869 5495
4869 6618
5495 6618
6620 6621
1610 6622
1610 6623
6622 6623
6624 6625
6626 6627
1833 2633
1833 6628
2633 6628
1610 6611
6631 6632
6634 6635
6636 6637
6639 6640
6642 6643
4795 5711
5711 6441
200 4685
200 4795
200 6239
200 6649
4685 6239
4685 6649
4795 6239
4795 6649
6239 6649
1282 6653
1282 6654
1282 6655
6653 6654
6653 6655
6654 6655
1610 6656
4665 6656
4665 6660
4640 5616
4640 6661
4640 6662
4640 6663
5616 6661
5616 6662
5616 6663
6661 6662
6661 6663
6662 6663
6665 6666
6668 6669
1833 5446
1833 6670
4668 6670
5446 6670
4725 4752
4725 6672
4725 6673
4752 6672
4752 6673
6672 6673
6675 6676
4665 4784
4665 6677
4784 6677
3252 6678
5838 6679
4773 6681
6683 6684
4685 6687
5371 5485
5371 6688
5371 6689
5371 6690
5485 6688
5485 6689
5485 6690
6688 6689
6688 6690
6689 6690
738 6693
4635 6693
4853 6693
6337 6693
4640 6294
4640 6694
6294 6694
3252 4665
4665 4685
4665 6433
4665 6695
6433 6695
4215 6696
1084 4836
5448 6431
6699 6700
6699 6701
6700 6701
6706 6707
4665 6708
1084 5360
158 6710
158 6711
1833 6710
1833 6711
6710 6711
4685 6712
5712 6712
6715 6716
3754 5621
3754 6718
5621 6718
6719 6720
6721 6722
6723 6724
6725 6726
6727 6728
1743 6730
1942 6730
1610 6337
1610 6693
6736 6737
2633 4892
5826 6743
4700 4760
4764 5115
4767 6745
4906 6748
6752 6753
6752 6754
6753 6754
4685 6756
703 3252
703 6678
4685 6114
4685 6758
4862 5712
4862 6114
4862 6758
5712 6758
6114 6758
6762 6763
4667 6765
4667 6766
4667 6767
6765 6766
6765 6767
6766 6767
5116 5274
6771 6772
6771 6773
6772 6773
5392 6776
200 6779
200 6780
6779 6780
4722 6781
5318 6782
3363 6783
4892 6784
1833 6785
1833 6786
6785 6786
6788 6789
6790 6791
4640 6792
4862 6793
6795 6796
6795 6797
6796 6797
6798 6799
4640 6800
6802 6803
6805 6806
6751 6808
1084 5264
4906 6809
6810 6811
4897 5287
4897 5316
5263 5287
5263 5316
5287 5316
4897 6814
5263 6814
5287 6814
4906 6817
4906 6818
6817 6818
4668 6823
4668 6824
4668 6825
6823 6824
6823 6825
6824 6825
6375 6818
5768 6829
4886 6123
4817 4837
4817 4906
4817 6114
4817 6375
4817 6441
4817 6830
4837 4906
4837 5360
4837 5712
4837 6114
4837 6375
4837 6441
4837 6830
4906 5360
4906 5712
4906 6830
5360 6114
5360 6375
5360 6441
5360 6830
5712 6375
5712 6830
6114 6830
6375 6830
6441 6830
6831 6832
6831 6833
6831 6834
6832 6833
6832 6834
6833 6834
6835 6836
6835 6837
6835 6838
6836 6837
6836 6838
6837 6838
4784 6839
4640 5034
6845 6846
1833 6847
1833 6848
6847 6848
1833 2732
4795 5551
5454 6849
5454 6850
5454 6851
6849 6850
6849 6851
6850 6851
6852 6853
4752 5007
4752 6854
5007 6854
4064 5800
5225 6413
1110 6837
1110 6838
4733 4869
4733 5371
4733 5485
4733 6688
4733 6856
4733 6857
4869 5371
4869 5485
4869 6688
4869 6856
4869 6857
5371 6856
5371 6857
5485 6856
5485 6857
6688 6856
6688 6857
6856 6857
5816 6858
4869 6861
5371 6861
4764 6279
4764 6864
4764 6865
6279 6864
6279 6865
6864 6865
6866 6867
6828 6868
6869 6870
4760 6871
4760 6872
6871 6872
3754 6874
4673 6877
4673 6878
4673 6879
6877 6878
6877 6879
6878 6879
5377 6882
969 6883
969 6884
6883 6884
6397 6885
6397 6886
6885 6886
6887 6888
4733 5126
4869 5126
5126 5371
5126 5485
5126 6688
5126 6857
4862 5191
4862 6828
4862 6893
5191 6828
5191 6893
6828 6893
6894 6895
4678 4752
4678 6897
4678 6898
4752 6897
4752 6898
6897 6898
6891 6899
6891 6900
6899 6900
4846 6894
4846 6901
6894 6901
4773 6902
4635 6896
1282 4852
3344 4752
3344 5007
3344 6854
4857 6907
4725 6909
1282 5905
1282 6254
1282 6911
5905 6254
5905 6911
6254 6911
3524 6913
4785 5790
3734 5206
4760 5206
2633 6915
6916 6917
6916 6918
6917 6918
6919 6920
1282 4862
4852 4862
4852 6496
4862 6496
1610 6922
1610 6923
6922 6923
6925 6926
6928 6929
6928 6930
6928 6931
6929 6930
6929 6931
6930 6931
738 6932
738 6933
6932 6933
4853 5852
6254 6550
6254 6934
6550 6934
6935 6936
6937 6938
5953 6940
5953 6941
6940 6941
4662 6632
4662 6942
4857 6632
4857 6942
6632 6942
5496 6894
5496 6944
5496 6945
6894 6944
6894 6945
6944 6945
5280 6947
5280 6948
6947 6948
5386 6950
6953 6954
4900 6955
4639 4894
4639 6099
4639 6958
4639 6959
4639 6960
4894 6099
4894 6958
4894 6959
4894 6960
6099 6958
6099 6959
6099 6960
6958 6959
6958 6960
6959 6960
1610 6962
6963 6964
6968 6969
5206 5939
4846 6944
5076 6971
1282 4681
1282 4752
1282 6972
4681 4752
4681 6972
4752 6972
6973 6974
6976 6977
4862 6978
4665 5697
6981 6982
6981 6983
6982 6983
4869 6986
5371 6986
4853 4884
6990 6991
6990 6992
6991 6992
5316 5616
5316 6662
5316 6663
4692 6998
1282 5810
1282 6678
5810 6496
5810 6678
6496 6678
7000 7001
7000 7002
7001 7002
4668 5274
5274 6119
4943 7004
4786 4892
4786 7005
4892 7005
6479 7006
4821 7007
7008 7009
7010 7011
7012 7013
3754 4715
3754 7014
4640 7014
4668 4715
4668 7014
4715 7014
6405 7015
6405 7016
7015 7016
4625 6978
4625 7017
6978 7017
4640 7018
4668 7018
5318 7020
7022 7023
4817 4929
4817 5575
4817 7024
4817 7025
4929 5575
4929 7024
4929 7025
5575 7024
5575 7025
7024 7025
1282 7026
1282 7027
7026 7027
6678 7031
7032 7033
3016 5407
5315 5371
4665 7035
4625 7036
4625 7037
7036 7037
6658 7038
4857 7039
4668 7040
4889 7041
1282 7042
1282 7043
7042 7043
5206 6099
5206 7046
6099 7046
4862 7048
2647 3323
2647 7051
3323 7051
4836 4862
4836 6978
4836 7053
4862 7053
6978 7053
200 851
5206 5575
3344 7056
3344 7057
7056 7057
1282 7060
4836 4965
4965 6978
4906 7061
6441 7061
1282 6671
7063 7064
3754 6662
6631 7067
6840 7070
1282 7071
4752 7072
4665 4836
4896 5866
7074 7075
5058 6678
2727 5712
2727 6375
2727 6441
4668 7077
4892 5077
5873 6166
5873 7078
5873 7079
6166 7078
6166 7079
7078 7079
4025 7081
7082 7083
851 5002
851 5063
5002 5063
4862 4906
4862 5318
4862 6817
4906 5318
5318 6817
7085 7086
6601 7087
6601 7088
6815 7089
4943 7090
7092 7093
7092 7094
7093 7094
7098 7099
7100 7101
7100 7102
7100 7103
7101 7102
7101 7103
7102 7103
4668 7106
4668 7107
4725 7106
4725 7107
7106 7107
1833 7108
6250 7110
6250 7111
6250 7112
7110 7111
7110 7112
7111 7112
7110 7113
7111 7113
7112 7113
7114 7115
7116 7117
7118 7119
6803 7121
6817 7048
7122 7123
5063 7125
5063 7126
7125 7126
3252 7127
7130 7131
4670 6690
158 4853
158 5678
4853 5678
1833 5454
1833 6849
5814 7133
4897 6358
5263 6358
7135 7136
5703 6278
5703 7137
6278 7137
7141 7142
2750 7143
7144 7145
1833 6266
3016 6803
5678 7147
7148 7149
4665 4805
4665 7151
4805 7151
7152 7153
4764 7155
1833 7159
1833 7162
1833 7163
7162 7163
4764 7165
1282 6781
1282 7166
6781 7166
4625 6992
851 1610
851 1985
851 6678
1610 1985
1610 6678
1985 6678
4857 5202
4857 7168
5202 7168
4968 7169
4668 7170
3331 6397
4625 7174
4625 7175
7174 7175
4869 7176
4684 6264
4795 6252
7178 7179
4624 4857
4624 5202
7184 7185
5584 7186
5280 5483
4795 5264
4795 7187
5264 7187
3754 4899
3754 7189
4899 7189
4795 7190
1282 7191
4662 4668
4662 4986
4668 4986
6758 7192
7194 7195
4672 6579
4672 7197
4672 7198
4672 7199
6579 7197
6579 7198
6579 7199
7197 7198
7197 7199
7198 7199
7200 7201
7202 7203
6099 7205
7206 7207
5977 6278
851 4640
851 7208
4640 7208
4795 5546
4837 7210
4625 7211
5063 7212
4668 5717
4668 5965
5076 5717
5076 5965
5717 5965
5483 7213
5483 7214
5483 7215
7214 7215
6278 7216
4625 4665
4665 5872
1282 4906
1282 7195
1282 7220
4906 7195
4906 7220
7195 7220
6479 7221
4625 4732
7222 7223
7224 7225
4854 5266
4640 4684
4684 4714
4684 4715
7226 7227
4805 5629
4805 7228
4805 7229
5629 7228
5629 7229
7228 7229
